100010100000111000
100000011110100101
100011001110110100
100001001000000001
100011101110010000
100000110001010100
100000111011011011
100011001011101100
100010101111011110
100000010110001100
100001101110011111
100001101111100010
100000000111010001
100000001111111100
100001000001111010
100010100001001100
100000000101011100
100001100101010011
100001001101110001
100011100001101101
100001011110001010
100001110101001011
100011010011101100
100000111010100010
100000101100110101
100010010110010000
100010001101110010
100011100100001110
100010111010110011
100000101100001001
100011011011000111
100010110010110010
100000101001100001
100000011010101100
100010100011010011
100001001011000011
110000001010000000
