100000101011101100
100010000100111101
100001001010011010
100011100110110111
100010011110110110
100010101101010111
100001111010111000
100001111010011100
100010001110100001
100011111001011011
100011101000001000
100001000100100100
100011100001010101
100010010111011101
100011001111100011
100010110100011010
100001100000111011
100001101010100010
100000010010010010
100001100001111001
100000100001001101
100000100011011010
100000101100001100
100001110000010011
100010011000110000
100001110101011100
100000011110000111
100000011010010111
100011011110110010
100000101111110001
100011110100010100
100010001100011001
100011101101110111
100010100100011011
100010100011101011
100011110010001010
100000001101000100
100011010100001000
100001111010111100
100000100100011000
100000100100001011
100001111110001011
100010110000000011
100011101111101101
100011010111101100
100011000110101000
100011101000101011
100000011100100011
100010000111100100
100010101000011101
100001100001101111
100000001011000100
100011111001110101
100010110100110010
100010011001011011
100011010010100011
100001000110111100
100001011001010000
100000000000111010
100010001001000010
100000010111011111
100001110101010111
100010011010010100
100001101101001011
100000101110001111
100000010001011111
100011000001010111
100001011110001000
100000010110101000
100010100110100000
100000110101100101
100000011000001110
100000100000001011
100100000000000000
