11111101010101100001000011010000110001101010000110011101011100001011111111110101000111011001111110001001011010011100101001011101
11011110010101100000101111110110000110100001111001111001010000010001010100101001001100101111111100101000101010111100111101101010
10100100011101100100100101000001111110110110101011010111100101011010011110101101111101101010011100001100110010011000001111100101
10001000000101011010010101010001100100001110100000011011011111110010011101011010010010100100001111000010100001000001101100001011
00110010011001001100110000000100100010000000111010100110000011100000010111001111011011000101101100110110000010000011001001011101
10011010001010010011101110010100111001110010011011100110101010010001110111001011110011100100110011101011010100010010100001000111
01101101100111111101101000111111100101011101110011101110100110101111111101001010010001000111110011100111010010010001011011111100
00000101001000010110000100011100100011011100110000101011010110010100111001001000011000100010011001000110100010001101000101100010
01100011011100110100100011011010011000010100111111101110001010110001111010001001011000100010101100000111000110001110010110011100
00100000010111011101101011011011011001111000011011111100010001110111001011011101001111001100001101101111011001110011110100101010
00111110000101000001000101101000000000010011011101000111111000001011000011101100110001100001001000101101011011100100010111000101
00000001011101111111001011011100001011110100100001110010111110100000101111111011011100100011011101001000111111111011010001110010
00101000011001000110011101110011111111110011100011010100111110001110110101011110000110011110010000000011111110010000010100101001
00101101111101100110101100101011010111001011100100001110101010011111111111111101010011001011010111011000100010100010100010000110
11010010110101001000110011011111111000111011011011100011111010000010100001010111111010010101110101000101011111001010010010111011
00110001110111110101001100000001101010011100111100101111001110001010110101100000100011111000000000001010111000101010000001110110
