100010010110000001
100010101000000010
100000011010000100
100011011100101001
100000000101111000
100001010001101011
100011100110011011
100001011011001101
100000001010110101
100011011111000011
100000101001010101
100001101111000111
100010111110101101
100010110010001001
100001010010000001
100010101011111010
100001010010001110
100011100110000100
100000110011011001
100011110010110110
100001110111111010
100010010110011010
100011100110011100
100001011111100100
100010100000111110
100000100001011011
100001011011110000
100011111101010111
100011100100110011
100000110011111001
100010111111011111
100011100001011111
100011110000010110
100001110111011111
100000100000100010
100000100001001000
100011001001111101
100011110001011010
100011100110010100
100001011011001010
100001001011000110
100000110110010001
100010010101010011
100010111000000110
100000111110101100
100000000101010010
100011101101011110
100011100010011000
100001000000001001
100011110000001110
100010100000001100
100001100110010101
100000110000011111
100010101110011000
100000110001101010
100011011011001001
100000001110111101
100010110111100001
100011001110001101
100011000100110011
100011000100101001
100010101100011011
100001111001111111
100010101101001001
100001110111000011
100010100111011011
100000001000110010
100011100100100101
100010011110101110
100000110100011101
100010001110000101
100011011010011101
100001010100111110
100001000001110001
100010101010001111
100001111110100010
100000100101001001
100011100110111101
100010011100001110
100011100010100001
100000101110110010
100011001111001001
100000000001100011
100000001011010101
100010000001111010
100011111011100001
100001110000011000
100000000010111000
100000011111010011
100000001100011011
100010011110110101
100001000110010001
100000111010110010
100000111111101000
100001000000001111
100010000011101000
100010110111100011
100001000001011111
100001000100010110
100000110111001000
100000110110000011
100010010010111000
100011011101010100
100010101110011000
100000110100000000
100000110001110010
100010110000011100
100010001010001111
100011100110000110
100011110111000010
100001101111101011
100001010011101110
100000001101100101
100000110101001010
100000110100011011
100001100101011110
100000000000000000
100010001100110100
100010010000011101
100011010111010111
100001001001001011
100001111010110111
100000111010000000
100001110001001010
100000011100000101
100011110101110010
100001000001011010
100010101001111010
100010000011011110
100011100001001110
100000101101000010
100000110011111110
100001110110101100
100000110111001110
100001110111001010
100001001101110000
100001110011110101
100001000111100101
100011110000101010
100010100101111001
100010111111110111
100010010111101101
100010001101010011
100000101000011101
100010111011010000
100001100110010010
101010010000000000
