11110010111101100010001110000000111011010110101010010100000010000100000101001001001101110110011011011111100101110000010101010101
11000100111011111011110011001000010000110100101110100000000101010010111001010010000110001110100000111000010111110000101101001010
01001010000000111100000010101000000110110011001111010000011001000011100000100111101000101000111110100110111010100000110110111001
11110111101101110000100100001000001110101011001110001010111010010000010110110101010101110010011011000100101010111001000111111110
11000001100011111110101000101101010010001000011101100111101111111101100000001111110101011111110000100110011010101100111110000001
01001010011111001110010101000010001101101100100100001001001000011101000000010000000011001100111111111001010110011011110001001000
01100000000111001011111010001010111100111010001001001100011100000100011011101000011010010100011110101110001011111001110001000101
01011110011010010000011011111000001001110101110000001111000111011110100111101000110101000010010110110000010001010110110111010001
11110100110000010110111111100100001111010001101001111110001101110010000111101000111110010100111101110111010000001011001111001110
01001010010110100110110001100110110101010011001100000001011110110100110000011111000101111000100001110001111110100000001110111010
01110010001101111111100101010001100100010111000011011010110101000110111111101011111111110010100001010110001110001101111101000000
00010001111001000010001111011101000001011110011111110001000000100110011110100011010111000111010100100110101000110111111111001101
11000000100001100011100010001010001011001111011011010010100101000100110010011111110100111011110111100011011010000001100011011011
11101001100101011000010101110110100011110101101100101110001011110111111110110101100010010100111110110011100110001000110110101100
10000111100011001010101000111001001011001100110101011110100011100100001100100001101000010010101111101000001101011100001011100000
10110110011001101101011000000101010010011101110011111111001000101011010001101010111101111010111001010110011000100101100100100000
01011000111100101010100100111011000100000100001100111111001111001011010011011111111000100001000100001101110101010001011101000111
10100000111111001011110101111001110011000011110010010111110101110100110000101111100100011100011111010010011011010101000011111001
00010101111100010100011000001000010010101111111011010100001101010100110011111001100001011111101001001010101010111101100100001011
01010100010101100000000110111110011110000010100111010010101111110111100010011000010000000010011111110000000110011000101111010101
10011101001100000101111010000101100000111001101000001101001110010011011011110101000111101110111111101101110100111011001010000110
10100110010000001001001100011111001011110100001101111110000011000101111100110011110011111011000100010111000101101011010001010010
01010000010000111011100110100001101001101111100100000111111101001010100101110000110111100001011011110111001000110001011001000111
01111010100100001100011000101011000011100101001011010001010100101110110110000001000001000101111000010111000001101011000010001010
01110100010011000011101001110111100101101001101110010101001010101100110011110010101101001001001101001000111010000111100001001110
00001101111111000100010110000010011010000000011010101110011011101000011100100110001010001001000000011000000000111101011110100101
11100111111000111011011101101100001101111101111100100010001110100001100000001110111111010001100001011100101000000000101011011001
01011100010000000011001000111111100110111100011101110111110100110000101000101101011010111011001001100000001000110100001010011000
01010111001010110010010000010110010110100111110110100110101100001010110011010001110100001000001001001000011101001011000010000100
01101011011100100111100001111011011100110110010111001010110100000011001010100010011111111000110011011110010011101101010010011111
11001000001111010001111111001001100110010010001101111010101101100010001100000000110100010100101100010101000010000101001010101010
10011101100101100110111110100111000011010111101011000100110111111011000011100000110011110100101100100000000011111110111011110010
