100000001010000110
100000101101000101
100000111011000101
100000000000100110
100000110000011000
100011011010111010
100010001011001111
100001001111101110
100010111000001000
100001100111101010
100011111100011011
100010101000000010
100010111001111110
100011101101010100
100000010010100111
100000101000110011
100000001110011110
100000001001010111
100011010101010000
100010011011110100
100010101011101010
100000111111100111
100000010000011111
100001011000101101
100001000001101110
100011010110111011
100011010011101111
100000110011001110
100001000100001010
100001011000100000
100011111010000110
100011001001111111
100001101110111100
100010110001101100
100010010011101011
100001000100010000
100010010001001011
100000100011010111
100010010101100110
100001001101011100
100011001100111100
100000101111000011
100011011100001110
100010000011000110
100000111000010011
100010111010001110
100010100100101110
100010010110101111
100010111100010001
100010010111000101
100010011000111001
100011100000111000
100001010110100001
100011000000101110
100010011000000000
100011110011101001
100010111011100001
100001011011110011
100010011101010010
100011110110101101
100000101110101011
100001001111100100
100000101100101101
100010001111100100
100011111011010000
100011011101011000
100010111000111111
100000100110111000
100001001001011001
100000101010000001
100001010011000000
100000111001100011
100001101100101101
100001001101011000
100011011011000100
100011001000000011
100010001010101101
100001010100110001
100010010101000110
100001000101111011
100011010001110110
100011011011111110
100001001111110000
100010001001011001
100000011000000101
100000010010001001
100000110000001000
100010100001011101
100011001001110101
100011111100010000
100000101100011110
100010111101010111
100011110101101001
100010101000111001
100001111100110111
100000000001100100
100000111000011010
100000011011001111
100001011101111010
100001010001001101
100010101111010111
100010011111010110
100001111010100011
100001010000010011
100011101001001001
100001100000100101
100010010100111101
100001001100101110
100000101101011111
100001101101111011
100010000111001101
100011101110010100
100010001101101101
100011001001000000
100001111001111000
100011010100101111
100011001101110100
100001010000001111
100000110010010110
100011000100100001
100001100000001101
100011110000101101
100000110011010001
100010011000011100
100010100111010010
100001111111001111
100011111110111010
100011010011101010
100011111111101011
100001011001010110
100000100110101110
100001001001011000
100011110010100001
100001001110110000
100000000100111111
100010111100010000
100010000111110111
100011111100000001
100000011100110111
100011010111100101
100001001011101001
100010100011100011
100011001101101111
100010111110011100
100010010110100110
100011101000001010
101011000000000000
