100000110100100011
100001001000101100
100000110001110010
100001001110011000
100011000010110101
100001110000011110
100000011100111010
100001011111011110
100011001000101101
100000000111110100
100001010001001100
100011100111101101
100011011110100100
100001101110100011
100010101111110010
100000101000001101
100000100011110100
100000101101111010
100011110000010100
100011010000000100
100010101101111110
100000101101110000
100000001111101101
100010110111010111
100010011011000110
100000100011101000
100000001100011100
100010101100000111
100000010010101000
100001110101100001
100010111100111011
100000011011111001
100011010110110100
100010001010011001
100001001111010010
100010001101000110
100011110001011001
100010000000000000
100000101010000101
100000101000100111
100001111101110101
100001011110011010
100011010001101101
100011001100100000
100000111100010001
100001001111000001
100001011101011110
100000100000010110
100010100010100110
100010100000110101
100010110100011011
100000111000100000
100010101100111111
100010010101100011
100000001101000011
100000010101010010
100010011111011100
100000011111111111
100001010001110110
100001111110001001
100001101001110010
100010010111111101
100011100101011000
100000101111110110
100000111010000111
100010101110010100
100000011001100100
100010100100110010
100011111111001010
100000100000111100
100011110110101010
100010010010111000
100001000001010000
100001001101110110
100010101101011110
100001010100000101
100010101101110001
100000011001110000
100011001100100110
100000001101000101
100010001000000101
100001101001100101
100000011001000011
100010100000011011
100001011111000001
100011010110100100
100010100100001111
100000000010101000
100000011011001110
100011001100000110
100001000000000000
100000010010000000
100000001100101001
100010000011100000
100011011111111101
100011011110111011
100000110110000010
100000001110100101
100011011001101000
100010100100111001
100010110100111001
100011001001101110
100001101010101100
100001110111111001
100011001101010011
100000111010110101
100000010010100001
100000011101101111
100010111111110110
100010001111110001
100001011111110011
100010011001011010
100011111111010010
100001010001100111
100011001110010101
100000100100110110
100011110001000001
100001001000010110
100000110001110010
100000111011001100
100000001011010110
100001010011100100
100010000110001000
100001010010110110
100010001000111100
100001011000100100
100011110111001101
100000101011011010
100001100001010001
100011001011100010
100001110001111010
100000100101100010
100010101011000001
100001000110001110
100001011001110000
100010000001011101
100011011010110110
100000011001000010
100001100011110001
100000011101011110
100011010001001101
100000110000110110
100011111110011100
100011110100101010
100010111110000101
100000000100010110
101010000000000000
