01100110011001001110111010000011110010001010011000001011000110001101010111001000010110000110110001100011100100000111101110111010
00111011100001100010011111011111111100110011100111110110010101100101101000010110100101110110100100111010011011001001001011100100
01000010010000001110000100001111000001010001011011101100111101101111001100000100110100101001001011111100001011011010100001000011
00101000100101100100001100010001001011111100010110010011011111100001011100000111100001001100011110010100111010000110000111001001
01001110010100011110100111011111001000110010010101100011000100101110001111001110000000101011111110011010101001001100100111000110
00011111100111110010011100011011100110001010100000100000000111111111100110110011111110110011101111010001010110110111000111000101
01001110010101101000100011110011101100101011111011100010001110011010100010000010111101110110000101111101010110111010100001101101
00000101110011010101111100001100100010010011110101101111011010100100111010010010110000101100011001011111011101000011111011100111
00000101111101001101011111001101000000100111111010001001010000111000110100101000111100111110010111111001100001001000011111010111
00011101000100101101100111010001001111100010011100011101100011101010110100110100100111111000010101101011011110111110101001011001
10001111000110111000101111001010100111010110100001111001100111101100110010110110000011011110001101011010010101010100010000011110
01000000010101010000011111001111110010001100000100111000111100100101100000101111100100011010101011100101010001011011101000101101
01110101010110101011101101010111010111110100111111100001100011000010010010010110011100010100010100110110001111000011000100001010
00000110101110001110111100110100110010001111011010010001001111000101011111101100101011101110100000110100011111001001110001100110
01011000001011011111001110100100000000010110001110100001000011100011110110101011001001000111000000001011010100110010010001101110
01001101010100000110111010011011100110110001001001111100000101000101100111110100111001110000101011100111101001111001001110011100
00101111100011000110010111100100011110011101100000100000000011001100011000001001101010011010010111101001011010001001000111000101
01010011011000011001101100011101100000110001111011110000111110011101000100010011100000010000000011001011001000101110110100011111
11010010010101110111110011010111011010011000111011101110110000000011101001101111100011011110100011111000011101110011100001101011
00110111100111100011101010110010101000100011010110100000110111001101101001011100111011010001111000000001110011010100000001000101
01010011101101100011000111100000011011001101100001100100110001011101011111010111111000000000011001000100001101001100010000011110
10100100010011000011100110110001100101010011011100101100010001010100110111011110110010101101010010111101000010001001111010000010
00100100010101110101000111111010110100001011100011001101011110101100001010110000100111011011000101101110001111010011100110100100
10101010110000100001010011110010000010110010101000110010110101010000000101110100011111000101000111100101000011000010101010110101
11110011011110000010100011100010111011010010010100101110110000010101100011100010100000010101001000001001011000000111101010010100
10000100000101011010011001110000011001000111010000001001011010100001100110000110011000010011000001101001110000100010110010010101
01101000101110110010000101111111101010101111101000110000001101111011011011101011000001011010011111010000011000010101101100010001
10111010010001111101001010001010011001010110010010101010101000001011111111011110011100111101100010100101101111011011101011000001
11001011111001101111010111001001011001110011000011111011111101110011100101100010110000111000100000010000010100010001010011001001
10001111111000011001101001100101110110100000110001011011111111101001001010011001111110011100001010010100110110011000001111010100
10101100110110111001001110110010011011001010100101100100011001000010111100000001111001111010101000000101100110111111010100011000
01011010111001000110001111110000111111011001011000011011100001100001001111010111100111000011100101110100010101100101101000010101
01110111011011100011101010101100100111101000010011101101011111101110001000110011000001000010001001011110010111101111110000111000
11011101000110100110000000101101101010101010000100100100100110100111100100100001001111001100010110010000010000010001110000101011
10001000110000011101011011001011111000011100011001001111010111011100100001011111000111111000010110100011000100101110000111111110
00010001101111111011101010111100010010010000110100010011010100001000011110010111001110100010100000100100000111011111100010111011
11000011001110111110000101010111101100111100101010001110011010101100101100100011100010011001001010100001000101100010101101000010
11000100111100010101110111010011001010001010111011110111001000110100010100110001010001010011001101001111011000100100111000010001
11001101111001100111101101010101001101011110101100101101001111001111010111001101000110011111110110001011100001111010111000011010
00110011010101010100011000001110000000001101111111111101000111100001001011010011001111101010101110011101011100001001111111110101
00011111101001111010101101111001110010100101110101101110010101101000101111110110100110011110111001111001011000100010010110100101
00111110110100111110101010010111010001111110001010001100010101011000010111001111111110110110101000010100011101101010101100101101
10111110101001111100111001000101101100000010110101110101100101101001011101010101100111000100100000100011100011000010011101011010
01000010010000111100111000000100000110010000101000110110100110001100110000000100100010000000011010011110001111000100011111101111
01101110111010110011011001110000001100100101110110011010001001011111001110010100110001110110110101100110100010010001110111101011
00000110011111001110101101010011001010000100111101001101100111110101101010110011100110011101110011111110000110001101011111111010
01100100010010001110011110100101000110001001110000001111001000100110000111100100010000011110110000101011010110110100011001001000
01100001101001010100101010001000010100011110000101010011010000010111101100011010100000010111110111101100110110111101110110100001
10100010001000110000011100010010111001011001111100010010010101011101111011011011011001011000011011011110110000111011001001011101
00111110111000111101010001010111001111100010100100111110000111100011100110101000001000100011011110000000111000000111101011011100
11100110000100100000000111101110010010011100010111000011011101011111001011101100101011110111100001011000111101101110011111011011
11100010000001110100010000111111000001000001001000101000010011000010010101110001100101010011100011011100011110000110110101011110
00101001111001000011110100111011000011101010000100101100110101100110100100001011010111001011100100001110100110101100111101110001
01011101101100011110110010110010001010011000011001101010111001101011010011010001110000110000101000110011111010100000100001110100
01001010010111010110010111111100101001101011100111110001110111110001001100000010101010011110111100101100111100010101011001100010
10001111011000000000101011100010010100000101011010010110001101011010001000100001101010010111010000001001011001101110000110000110
10011110111010100101011011000001000000001101010101100100001100001001110101011011100010011011011010111110000001001001010111101011
01101001010101001101001011001001010110000011001110110110011111110001101010110101111010100101101010101110011000110001011111100100
10000000110110001010010110111101101111000011110101111011111001001111011011000101100101110011001111111011011101111111100101101001
11110011001110100001000010010011001001001100100101001111110011011010001001100101110101101100010001101011001110001101101000011001
01110110111000100011010000110001101100110001010010101110110101111011100010010010011000000010010111001100011001100010001100010001
11100101000000000011010110011011100011110001100010110110111010010000001111111010110111101001111011101011011100100001001111010100
10100110101110011011011110011101110110101011100101110111001011101001111010011100100011001000011100100101100111101011000000010001
00010100111000010101011010011101110101001111100011100101000110100110001111101111101000100010010100100100100110000111100100000001
