100010000011100110
100000010111111000
100000100010100101
100010011111000000
100000001110100100
100010111010111110
100000111001110111
100000000001110101
100000111111101011
100011000001110110
100011101100110100
100001011001100011
100000101001111000
100011001000101011
100011110000110011
100011101100110010
100001000010101100
100001111101011010
100011011101000011
100010000011101001
100001101010000000
100010101100011001
100010011001101011
100000111010100010
100010101101000010
100010101001010000
100011001000100010
100010011101011101
100011011101000111
100001100111001010
100000101001000011
100011101100110000
100001000011100111
100011000111100100
100011011000110001
100000110000000001
100010111011010100
100011011010111110
100001010100000001
100011101110000010
100011101101110011
100001000101010111
100000101001010110
100011111101010110
100001001100110000
100000011001010010
100010111110110011
100001011001001111
100011100011100111
100000010110111010
100000111000101101
100000100110110110
100000100100011001
100010100100011111
100000111110010011
100010001011001010
100010111110000111
100000001000100101
100010111100100011
100010010111011001
100011101100011100
100000110010111110
100011011000010010
100000110110110100
100000100011110010
100000000000011010
100011000101001001
100000111111110110
100010001010111101
100011011100000111
100000101100111010
100000110010010110
100011101101111101
100000011110111001
100011100110100111
100000010101001101
100010010111100000
100000110101001011
100011101011101101
100000001001010011
100001010101111011
100001010010100001
100010010110010011
100010110010111000
100000000100110001
100000011011111001
100011011010101111
100001000101010110
100010110101101111
100001111000101101
100010000101000010
100010000100010000
100011011000100111
100001011000110101
100010110001111011
100001100010000000
100001111110110011
100001011000010101
100001011001001001
100011111001010010
100001110111110110
100010101100110100
100011101000100101
100011001110101111
100010000001101110
100011010110001100
100000011000000111
100011011000010011
100010001100000010
100011010101010101
100001110110011000
100001110001010010
100000100000100000
100010000111000111
100010001011111000
100010011011110101
100001001001000111
100011010010010100
100000101000001001
100011000101000011
100011111111001011
100011110101100010
100011101101000110
100011011110000101
100011011001101010
100011001000111110
100001011000100110
100011001000100111
100011000110001001
100001001001101000
100000000100101100
100000101001011111
100011111100001011
100000111010101000
100010110000101110
100000110110000001
100010011111010010
100000111011100001
100001001100110001
100011110010100111
100010100011011101
100010110101011011
100010000011111111
100000000101011101
100000010100000111
100000011000100011
101000110000000000
