00000001111111110100011111100000101100111110110011000110000100101010111001101110110001011100010100000001011110111111000000011100
00101111010010000111001011111010000010111011101101110010001101111100101111111101101101000111001000101010010101000110011111110011
11111111001110001101010011111000110111010101001000011001111001000010001111111001000001010010100100100001111110100110101100101011
01011100101110010010011010100001111111111111110111001100101101011111100010001010001010001011011011010010110101001000110001011111
11100011101101011110001111101000001010000101101111101001010101010100010101111100101001001011101100011101001011110101001100000001
10001001110011110010001100111000101011010110110010001111100000000010101011100001101000001111011001010110000001101010000000100001
10100001000001110010101100110101111000100100011010111110011001101101011011001101000010011101011101111111001100101001010101101011
11110111101111101011011011001000100110010010000001101010111110101010101000111011000110000100001100110110011111001011010001011111
11101010010100011010110101100111000101111100010010100000111110001000010110110101111111000011111101010111111001001100110011101111
10011011111101111101100001011111111100000101100111010101111100101000100000001000010010001100100111110111110001010110110001110101
00010110111110100100100100011000110110010011101101010100011011100000010100111110101100000001010111101110100101111011100010011000
01000000001001111111000011101010000000111101100110010101001100000111111010110101100000110001101010110101110010010000011011110110
11011110001011111110001101110011001100001100011010100110101100111011011110011111111000110100000101110101000011001001110110110011
10001100101110010001010110011110101110001101000111010000111000110111101010011101010101101111100100000111000110101010001111111111
01100010000101100001011110011011110110100100111110111010100100010010111000001011001111001001000000011011110000101101010110000001
11001000111011100001011100000110101100001000100000111111010011000011000110110101111001011001000110011001000010101100010011111110
10000100101100111110000011101000011101111000110100000101111101000100010110001101110010000011011000001110011011001000110100100101
00101011100100000001010000000000111101110010101111000111001000001011111111100110000110111101110000101110111110100001100000001110
00111101100110000101010010100011100010101101100101011100000000000011001000111111011110010000011101110101110110111000100100101101
11101011101100110110000000101100010010100001110010010111110101110010010000010110011010100111101010001011011110001000010011010001
11010000100011001100111001110110101100000110110011100111011100100101001101110000011100111101010111001110110111110011001010101001
01110001101111001101111001011110110110000001010011001010001111011001101101001001100110010010100111111010001101100010001110000000
11011101011010001001011100001000010100011000100110110111101001101101111110100111000011010101010111000100111011111011110011000000
01000011010010111010000000011101001011100111001000101010111010001011100001011111000000110100001010000110001100111100001101101000
00101000101100111101000001100100001110000010110110010010101011111000011011101010000011101011100111110111101101010000000100101011
00001010101100111000101001011001000001011011010101010100001001101100010010101011100100011111111001000001100011111101101000101101
01000000100001110110011110111111110110000000111111100110011101000010101001100010110011111000000101001010011111000110010101000010
00000110110010010000101011100001110100000001000000101100010011011111100101011001101111110100110011100000110100001011110010000010
11110011101000100100110000110000010011101110100011101001010010111010110110101111100111000100010101011110010110010000011011111000
00101011010101101000111100100001111010011110100011011100111001011011100001000101011011110011000111010100111100010110110111101110
10101101000100100111111011111011101000011110100011111001010011110111011101001011101100111100011001001010010110100110010001101010
11010101001100110000000101111011010011001001111100010111100001110111000111111010000000111011101001110010100101111111100101010001
10010001011110001101101011010111011011111110011111111111001010000101101000111000000111000100100010010011111001000010000011011101
11000101111001111111000100000010111001111010001101011100111101010010011010100011101111111100110111000000010001100011100010001010
00101100111101101101001010010100010011101001111111011111101111011110101101101000110101001101101111101001100101011000010101010101
01001111010100110010111000101111011111011011010110001001010011111011001110010100100011011000010010000100100011001001101000110101
00101100110011010101111010000000011100110010000110010001001010111110100000110111110000101110000010110110011001101101010000000101
01001001110111001111111100101110101101001110101011110111101011010101010101100010010110011010000001011000111100101000010100111011
00010000010000110001111100111100101101001101111111110010000100010000110111010101111001110100101110101100110011101011111111111001
11001100001111001001010001010111010011000010111110010001110001111101111001100001010100000011100100010101111100010100011000001000
01001010001111101101011000110101110011001111000110000111111110100100101010101011110110010000101101010100010101010000000110001110
01111000001010011101001010111100010001001010010001000010110001110011001100110001100010111101010110011101111100000101111010001101
10000011100100100000110100111001001101101100010100011110111011110110111011010011011100101000011010100110010000001010001100110011
00001111010000111100001000001100010111110011001111001111101100010001011100010110101101000101001001010000010000111011100110100011
10100110111100011000011111000111101010010111100011011101000101100111111100100011000101100100010001111010100100001100011000101011
00000010010100101101000101010010111011011000110100000100100111000001101100000110101100001000101001110100010000000011011001000111
10110110100110110101011111101010110011111111000110111100100100110100101011101000011100100100111000001101111111000111010101001010
01100000000001101010111001101110100001000010011000100100100100000001100000000011110111111010010111100111111010111011011101101100
11111101110111111010001000110110001010000000111011111101001110000101000010101000000010101101100101011100011000000011001000111111
10011011110001111011011110010011000010100010110101101011101100100110000010100011100000101001100001010111001010110010010000010110
01011010011111011010011010110000101011001101000111010010100000100100100001000100100000001000010001101011011100100100100011011011
11110011011010011100101011010000001100100010111001111111100011001101001001001110110111001001111111001000001111010010111111001011
10011001111000110111100010110110001000110000000011010001010010110001010100000000010100101001101010011101100101000110111110100111
00001101011110101100010011111111101100001101000011101111010010000010000000001111111011101111001000001010000110001011010001010001
10110001010000110010010000010000011000110110101101101000011100111101001111101110101110101110000110011101101000111100010001101010
00000010101110011111101110110101011000010010100111001010001100110000111001111000101001101111000101010100001101101111010010011011
10101000111111100111000100000111110111100010111001110001001110110001100010000101001110111100111011001110010001000010100101100001
00001100101000011011001001011111011000101111001011000110110010011011101011011001001100001001000100101100100011010111010101011001
10010011010111001111110011110000101111000011110111001100100100001100011000110100110011100110100011101010010010111010010110101100
10110100010001101101110001011001101011100111010000111000010110101000011100000010001010011000001000111100111010111011101110000101
01101111001110011101100010111101101011010010001001101101001111100110001011001011011000111110011111110111010000110111010110001001
10001111110010011011100001001001010101001010100000010101000100000000111011100011011001001011010100110101100011011011000100010010
00000010100000101011010101010011000100010110000110010001011110111111000100011011011011001110010011000000011000100101100100011000
00010100100010001001001100000010001010000101110111001011110101111111000100000010110001001010111101100101111011011001010000100011
10010111110001011100100011100100001110000110100001101100111101011101111010010111010000011010111101011110011111110110011110101000
11010100001000111110100100100111100000000101100101111111010100000010111000101101011111011011011110111000011100000111101110010100
00001101101101111110010000000111010111100011010100101111110000011101000101000000111100110010010100110001001000010101000000111111
11000000110100110011010001100110000111001001011101111001111100001111110111101110011101000010101011111111101011010110010101100010
01101011100100100101100011110010100001010011011100001110010001111110111100010000100001111101111111110000001100011111110111110101
11100101010010110010011010001110001100001110101111101111100101001001011010111011101000001010110000010010010001011010111001100010
01011100001110111001011011011101010001010000010001000010100111001101011010110110110011000011001010001111010110010000111010101011
11001001000000111010010010010111000000011000110011011010101000011111100110001110110001001110011111111010111101000011000100110001
10111000010101001011001011110011010111101100110110100000010011010000111110111001001101101010010100100100110000110100111011010011
01111010100000101110100101101100101000110000001100001111010000110000001000111011011011111111100111001011001100011011011100101001
10110100010101100101001101110111101110010010101110101001011000011000100001001111101101010111100011111101110101000111000111000011
00100100010001000110101010010000110001010010010001000010011100101101110110011010100000011001110110110100100100110001100000001000
10011111000010100100011001010000111101100100011110110100101010110100011111101010111011111111100100011100010110110100101011000110
01110010110011100110111101111101011111010100100010101100111011101001111001101110101101000000001011100110100100111101101100111111
10011101011101101110111111000111011101000100000001111110000101111010001000110100001010001000111001111101111110111010000001111010
00010000011001001101000001100100000110100011011100011011110001001001101110010011001011100000000001101000101111100111100001100001
10000000100110000100111110101000110111101101111011111011010011110110011010000000000100110101101111010001100010100110100001000111
10001111100001000110101111111110010010000010101111001010101000001100101011110000001111100010111010011111000000000011100111001110
11011110101000111100000010111011001011000000011110111000111100000110100010000110101111111100001000010010100010111101100100000000
11010000100110101010110100111100010000011010111100111101011110101110101111110010100110110001000011101101011110000010000011001111
11000010000000000000100100010101011101101101100101110010000011110001011100010110011010110110000101001100010111110110001111001101
10011001010100011101110101010011110010110110100100100010101110101111101110111110011000110010010101001011001110001100111101110000
10100110111100011001111000111000001100111101110001101000001111100101001100101001101111100000011001110001000110100001100011000110
00001111110011101100110010001001101010110100110110000000101011110011000111011111101100101111000001001110110010010101101001010111
00111100101100010010010010111001011111100000111000010011110111010011110011110000001111111101110111000100100101000000011000010100
00101110010011111101010001101000100110011000111010001000111101001111010001110110100100100111011110110000110010101000011100000000
10001011100011100011000011010011100010111001011001101111001110101110101110110110100000010010001001101011011111000110100101001011
01101100111101011111011101100010111101011011010100101111000010011011100001000111010101001011101100010101100100000001011011100011
10100111101110011111101000101101000011011001001110110010100011101011011101010010000100010110101010010001010010111111110100011001
01010000001001001100000001100001100010010010110100111000000010110111110010000001111010000110111001011011111101110111100110000011
00001100010111011000100111101100010110111110111110011001111001011100100011100100101110011110011101111100110100010011111110011111
01100001100001111001011001011111011001111011111101010111001000010001110100000100001100001001100111111111111011001010010010101010
01000101010101110011010010111010011110011001010000000001001101111101101000110101010111111011010100001101000000111110001101100000
11110111111101001111110000100001010111000011001110000100110100111100101110001111000000111001010001110101010000000011110111100101
11001000000011101111110000101111011001110101000111000000101111101111110000000001100001110001110000001101011001101110001100101010
10001111110100110011111100001101111111110011011011000010100000010010010110001101111100001110100011101001011001001010111010110011
10100000100111001100001001100110101011100010001010101100001111001010011011101111010001011100010001110001100111000001101010011000
11110111001100001000111110010001001111100110110111000111110011000010001110110111010000011010010011100110010000011111101110000010
11100101110001110011010111110000000110010011001101110110010001001011000001110101010100001100111011100010010011011110001110111110
01010110101001011000101111001011011111101110011101000110100000011111001111101100111000101100101110001111111000000010001011111011
01001011110010011101101111010010101100001110101111010111010001000111000110110100000000110000100010001001101011011011100001001111
00110101101110001111111101110100011100011100110100101100011101000110000111011000111101111001011001001001010001101100110110010100
10000000100101001011010010010011110000101000101110011101111010100100101000010000011101100100110010111000100010111100010011101111
01101111101010011101111101011000010001100000010111010010111110100101110001001101011100010111100010101101111011100101010110101110
10111000100000101110011001001111110110111101111110010010011101101101001011000111111101001000001101001110100101111001000110101100
10000011100001100111110011000011101000011111011000010011101001000011000001010101010110111111011100010111010000100010100010000000
00101100111100000100111000011110011110110110100100010000101010010100000010000010110111010100001111110111110011110101011000001100
00010011010110110111010101111001101010000000001101000101100001011001001111110100110010000010010111101010101000000100100011001010
11011100001111001001111100001000100010110000001101011110101000110100111101001011001011000001010001000000011111000110011110101010
01111101111111101001101000111111111100010010001100011100000101001010111000111111100000101100000011110010111110001010001111110010
01011001100111001101011010110000110111010100000011110000000001001100010110111101010011100010101001110010000011110001111100010110
10010111110100010100111001011110011001110011000110011001010100011101110101011011111100110101101101010000100110100011100100001110
01100011010111010110011100001000110011110111110001101110110000011011001001110011101100111111110001001000100111101001101100011001
10111110000001000111110100010010001110001100101010001111011010101100000010001001101110111100111110101010000111110001000100101001
10110010000111000100001110101001010100000111010000110100010010011101100010011001011111100000110000011011000111010011011101110011
00010011110111011000010000110111001101100010011000011101100011110011010000011010101110110111111001001011110111000011011101111110
01010010010011011011000011001001011101010000100010001111100011100011001011010011101010010001001000100111100010000110100110010110
00111010001100100110100001111111011010110100000101000100001111010101010001100010000100101011010111100101101110011001001101000111
01111000001110110001000010010000010101000010001010100111100010010111101000011101001001111010111101011110101011100010011101100010
00011101101010101110000100100111011111010011000100110010001001101010101001101101100000011010110110111000000010110100110010110001
01010110101011000101000001111100011110001010001100111110011111100000100111101100010110111111110010101010101010000001100111100000
10001101110111110111110111010011100001111000000111011001100010101011011011100011101101101011110101111101000000101011110000001000
00010000001010011111000111101110011001001000101000000110010101001111110010011010011110100110110111111000001101011101101011010101
01011111101101111111010100100011110000110101001111110101011101001111010001100010011111000101000010110100000100111110101100110011
