100010100001111111
100010111111001010
100010110010010011
100001001010000011
100001111000000101
100001110100100000
100000101110101010
100000110101011010
100010110011001000
100001011111110011
100001111001101011
100011010000101111
100000101001001100
100000101001111001
100000111001110001
100001111110110100
100001000101110001
100000011110011101
100010000010110000
100000110011101010
100000001001101110
100001100001011110
100010011101010010
100010011011110101
100010011001011001
100001000110111011
100011011011110000
100001111011111000
100011111010111010
100001000100110000
100010110000110001
100001001110101101
100001011101000000
100011110110100111
100001001011110001
100001110110001001
100010111100111011
100001110100000011
100010100110110010
100000000110100100
100011111000011110
100011111110000100
100001110010011110
100010111011110110
100010111101101011
100000000110100010
100000001101111011
100010011010010000
100011101101001111
100000001100010011
100011111000000001
100010011001011011
100000010110001110
100001111000100100
100000101101001011
100010010010100111
100001010110111011
100011001010001100
100000101010110000
100000010011000100
100000101101100011
100000100000100011
100010101011001010
100010100101111101
100000001111010011
100001010000010001
100011011100011010
100001110101110101
100010001000100111
100000101100101010
100001000101011110
100011001011111010
100000001010101000
100000011100111111
100001101110101010
100001100010010101
100000110001011011
100001110111011111
100010011010000010
100000011111000001
100000011000110010
100010000010011110
100010000011001011
100011110110000001
100010001110101111
100000111100001101
100001110000110000
100001101000000110
100001111011011110
100010001010001110
100000101101111000
100001101000101110
100011000001110110
100000110100101101
100000011101100111
100000111101100000
100001111010100110
100000000010001101
100001010010011001
100011010011100100
100001111110001101
100001011000101001
100001111000010101
100010001100110011
100010001001110100
100010000111001000
100010011010101001
100011101111100001
100010111111101000
100010111110000000
100000000011011100
100011110011000101
100000001101101001
100011110100000110
100011100111010100
100001101001001010
100001100101111000
100001100010101010
100001010100010001
100001100010100000
100010110010000111
100010111110010001
100010111110101010
100000110010011010
100011001001110000
100001110000100001
100010010111100101
100000010000010010
100001001011001101
100000000001010110
100011000100000010
100010100000010011
100001010001000111
100011111010111000
100000110110000010
100001100110100100
100011010010000011
100011110101111111
100011101000110001
100001111000110001
100000000010010101
100000110110111010
100011010111110010
100000011111011011
100000010001111100
100001000101111001
101000010000000000
