100000010001010010
100011000101010000
100000000101001010
100001101010011101
100010010100011011
100001101001110000
100011010111101011
100000010011111111
100010110000000100
100000111011110100
100010000010000000
100000111111101110
100000110010000010
100010000110001011
100001000101100110
100011000111000011
100000100100000100
100000011000110110
100010010110010001
100001001101010011
100011101101101110
100010111000011001
100011011010001111
100000010001101010
100000000010101110
100001111110111011
100001010110000100
100010100111001010
100000110011000011
100001011110001010
100001101111000101
100001010000110110
100011110100100110
100011101010001111
100011100111000100
100000011101011110
100000100110011100
100001001110110001
100010000000010100
100011101111001110
100011001110010001
100000001010010110
100000010000110010
100010000110110010
100001011111100000
100010111100101100
100001101100100110
100011101011011001
100000110000101100
100001001011001000
100011010111010101
100001100110010011
100001011100111111
100000111100001011
100011000011110111
100000010010010000
100011000110001101
100000110011100110
100010001101011001
100000101110100101
100010101100100001
100000010001101101
100011000101010110
100001111001110100
100000111000010110
100010100001110000
100000100010100110
100000001000111100
100011101011101110
100011100001010110
100011110011100111
100001100010111101
100010101101001000
100010011011010011
100011100110001011
100000101101101111
100011100111111101
100011010000000111
100001011000100110
100000111100001001
100010111000010010
100001010101001010
100010000001010100
100001000000000110
100011100011011001
100000101101010011
100001011000110100
100011000100010010
100000000010100000
100010101101010101
100000110001000101
100010000110010001
100001001011111100
100001000110010110
100011001110010011
100000000001100010
100001011001000110
100000000101001000
100010001001111110
100000001011101000
100001011101110010
100011110101110111
100000010000001000
100000010010101111
100010000101111011
100001100110000010
100000111001011111
100000010111001000
100011100100001110
100000011010000110
100011001111010111
100011111110010111
100001000001101001
100011010111100111
100011110110011110
100000000011010100
100000100001001010
100001000001001000
100000000101100101
100011111101100000
100000101110001011
100001011111011011
100001111011100001
100011000001111011
100010010100000011
100001101101111110
100001000000011101
100001110000110101
100000101111110000
100001110100010100
100000001111001100
100010010100110001
100000100001010111
100000001111110100
100011001101001100
100011010001100110
100000111100100101
100011011110011111
100000001111110111
100010111001110100
100000101010111111
100011101011010110
100001010110001011
100010001110011110
100001010000111100
100010100001010011
100001000000111001
100000011111101111
100000010010100001
100011110111111111
100000000011000111
100011110111110101
100011101010100010
100011001001101000
100011101111000011
100010100011101111
100010010100100111
100010101100111010
100000001001110000
100001001001000101
100010101110101000
100010010111000011
100010111001011011
100001110101000101
100000000100010000
100001100111001101
100001101011011011
100000110000110000
100010001111010110
100001000011101010
100010111100010100
100000000010100100
100010010111110000
100001100011001101
100010101010000111
100011100110001110
100011000110111001
100011111110101111
100001000011000100
100011000110111010
100001010100101100
100010111100110101
100000001100110110
100010000001001101
100000001111101100
100001001101101010
100001011010010011
100000001101001110
100011010011010001
100010100000101100
100010010110110000
100010000100000011
100000001111010000
100011000000100011
100010110110111111
100011100111001011
100011110001101101
100000001010111011
100001000110011001
100001001101110111
100010001001001010
100011101010010110
100000011000100001
100000111100110101
100001111000111111
100011111101000111
100000011100001100
100010110001110100
100001101001100100
100000110001010010
100001000100100101
100011001011011101
100010010100100000
100011100111101011
100001001001001100
100001100000001000
100010011111000010
100010010010100101
100000001111011001
100000011110110100
100010101011010001
100011111010101110
100011111100100100
100001110001011000
100001001010110001
100010011100101100
100011100110111101
100011110101110001
100001001000101011
100001111011101001
100001100110111010
100011010000000010
100011100110100111
100011110110110011
100011111001111001
100011011011101111
100011000111011101
100000010000000111
100011100001011110
100001000110010100
100000001000100011
100010011111011111
100010111010000001
100011011000010000
100001100100000100
100000011001100001
100010100011011100
100001101101000100
100010011011100100
100011001011100000
100000000110100010
100011111001111000
100001100001100000
100000100110000100
100011111010100011
100001111011010010
100011111011010011
100011011001100000
100000000001001101
100001101101010101
100010001010011010
100000010001111000
100011111000011001
100010101111111110
100011001000001010
100011110010101010
100000001100101011
100011001000111110
100000101110100111
100011000010000011
100010110000000011
100001111010100011
100011001100101110
100011001011000011
100001110111100011
100011000001101011
100010000110101111
100011110000100001
100000101011101111
100001100100000000
100011010000100110
100010101011010011
100011110100000100
100010001100111110
100001111000111010
100011111100101001
100010110001000011
100010010101111000
100000100000110000
100011110000100000
100000000000100100
100001010101110110
100011011001011100
100010000011110001
100001110001011001
100010101101010001
100001001100010111
100011011000111100
100011011001100101
100001000111011101
100001010011110010
100011011010010010
100000101011101011
100011101110111110
100001100011001001
100001010010110011
100010001100111101
100011000010100110
100011110001100111
100010001110000011
100000111101110001
100000100010111110
100001010011001010
100001101111100000
100001100111000100
100001101000011000
100011000110000011
100011110001101100
100011001000100110
100010101101001101
100010000000101011
100011001100011101
100011011011001011
100011000001001101
100011001001010110
100010010101110011
100001001011000100
100010010010111001
100001111110000011
100010000100110001
100011010011010011
100011000000111111
100011011101110001
100000100101000000
100001100001010000
100010111001001111
100011010100101010
100000100110011000
100011101000100011
100011010011110111
100001110110010100
100010010001111011
100000001100101001
100000011100000000
100010001011100011
100010001100001101
100000111000101110
100001011001100111
100000001010111010
100011101101101000
100000010000001001
100010101101111100
100001101011010010
100011011011001111
100001011111011101
100010001011110101
100010110101001011
100011100010011011
100010110100011101
100001010010111011
100000010111100100
100000100101100010
100000111010011110
100011100111111010
100000101101000011
100001100100111011
100000101000111010
100011011101010010
100000010001011010
100010100100010100
100010111111110100
100001100101110000
100000100100110000
100000011000011000
100010010010110100
100011100000001011
100001111100101100
100001111010000110
100011100101101111
100011010001111001
100010000011000011
100000010111101000
100010011110110001
100001101111001111
100010011001111001
100000110010001110
100001001011100111
100010011101111100
100011010001001111
100011101111110110
100000011000010010
100001011001011111
100001100100101111
100011010111010010
100000010001111100
100000100000110000
100010011001111100
100011111011001010
100001001000101001
100000011001010111
100000111100101110
100010011110011010
100001000000001100
100011011111011010
100000110101010111
100011101101010000
100001010000001111
100010001101100000
100011110111111101
100000111111000010
100000010101110000
100011001110110100
100011010011110010
100011100011110000
100000111001010001
100011010110000000
100000110001011001
100001110010000000
100011101101110000
100010001101101011
100001010001110000
100000101111101111
100011000000000110
100000011110011100
100000001101011001
100010111000110010
100010101000111111
100010000010111111
100000001101111101
100011001101100100
100000101000000111
100010010110001101
100011110000111010
100000111010010110
100010001010111010
100011001110100000
100010011100110000
100010011001101010
100011100010001010
100010110000111100
100010100110111011
100011010001011100
100001100111000110
100001110000011010
100010011000111101
100011001100001000
100011111001000100
100011111001101101
100000000111010011
100000001000111011
100001110100000110
100010010011100110
100001000001111110
100011100000101110
100011011100011100
100011010111110000
100000011001001100
100011011101100100
100001001011000001
100011010101100000
100011001110110110
100010010011011110
100000111011111001
100001011010100101
100010001011110010
100011101111100010
100001110100011010
100000000111110011
100011101100111000
100010110010111000
100011111110110000
100010001011111011
100001001011110010
100001110110111101
100000101011000011
100000101111100101
100001000100010000
100001101101000000
100000110000100010
100000000110101101
100010110000010011
100011001101011011
100010001111111101
100011010001110001
100011001101001011
100000011101000110
100000011101100001
100011011110010110
100001001001010001
100010110011011001
100001111000000010
100001010010110100
100010011011110000
100010100010111001
100011011110001001
100000101000010000
100001110110011011
100000101110001000
100010111100010011
100010111101101111
100010101001110111
100011010110000100
100001101000010111
100010001011111010
100001010000011011
100001010100010111
100010001010110111
100010111001010101
100010101110001110
100000100000101110
100011100100110111
100001101111011111
100010010010011101
100010110100101100
100001111111010010
100000001101001110
100010011011100100
100011101011001000
100000111000010101
100011110011000001
100010100001111101
100010000100111010
100001000011000001
100001010101011011
100011110111000111
100011011100100010
100010001000000000
100010110011111000
100001001110001001
100010011101010110
100010010001000010
100010100101000000
100010000010110111
100001010000111111
100001111100111111
100001011000001110
100000010011100110
100011011101011111
100010011010101100
100000001101000101
100010000101100100
100000111101001100
100010000010010111
100010101010100000
100001001000110010
100010110111000011
100011001001111100
100000100010001011
100000000011010111
100010101000110100
100011110100101100
100010110000010100
100011000000011111
100000011001111010
100010100111110111
100011011010011010
100000111111111100
100001001011110001
100001000001010010
100010001000111111
100010000010110000
100000110100101111
100010001010001111
100011001001011001
100010011100110101
100010101100001101
100011010100000011
100011000000000100
100011000101101111
100001010011100000
100010100111001000
100000111100011111
100000010110100101
100011111111010100
100011100101111001
100010011100110001
100001010101010100
100001110111010101
100010011111001101
100001101101011000
100010011010001010
100001001011100110
100000110101110101
100010111100001000
100011001111011111
100000011011101110
100000011011001001
100011001110110011
100011111110010010
100000100111101001
100010000001100110
100011111000000100
100001111101000100
100010001110101100
100010101000111101
100010101011000000
100010101001101100
100011000011111010
100010100001110000
100001001100101001
100010110010000111
100000011000111010
100001100101000001
100011010000110110
100001001001110110
100000100110010101
100011100000110000
100001101100011101
100000110111010000
100001110100111101
100011011010010000
100011011100010110
100000100110000111
100001100011110011
100001000001101001
100011101101110010
100001001011110111
100000001101111111
100011100101001001
100000110110110000
100011001001011101
100001000010001000
100011111000111000
100011001001110011
100001101001000100
100010000001111000
100010000110100110
100001011000111010
100000110010011010
100000011111110110
100010110100000101
100000010000111101
100001010100011010
100010000100101011
100001011110011010
100011100110010011
100001000111011110
100000001110110001
100000001001000001
100001010000101110
100010100101100010
100001011110100001
100011010010011110
100010111101011110
100001101110001001
100011011000100001
100011011010100011
100010000100100111
100001111111000000
100001001100100010
100001101010101001
100010110110000001
100010101101100010
100000000010110100
100011001011000101
100011011010101100
100001010000011111
100000011101001010
100011110011111001
100011111000001001
100011101100011100
100011111111001010
100010101010100010
100001100111100000
100010101101110111
100011011111011101
100000111000011110
100000000111011001
100010001010101101
100010111000001011
100001101011110101
100011110100001110
100010111100000000
100000000100000010
100010011111000111
100010111001100100
100010001010000001
100010010101001101
100011001001101001
100011101001101101
100011111000001110
100001110110101101
100001010111111110
100011010011110101
100010100011110000
100011010100111111
100001010111010011
100011010001100010
100001111110011000
100000101101110001
100000111110101100
100011001110000011
100010011000010111
100000100000100010
100010100110011111
100000000000111110
100010010010111010
100011111000111001
100011011100000001
100011010100111111
100010101111110001
100011011011100100
100011010001011001
100010001100101001
100011100001000000
100010101111110000
100001001111100000
100011001001000010
100010010001111101
100001101011011101
100000001110000001
100010100101101010
100000000010101100
100001100110011001
100010101100111010
100010001010001101
100000001010101001
100001000011001000
100010001010011101
100001110111011101
100000011101100111
100000101000101001
100000000011101100
100000000001000011
100010101111000111
100010010011011000
100011000100110000
100000000100111011
100001010011011010
100011111001010100
100000001011101111
100000001011101101
100011001101000101
100001011100101010
100001011011111101
100001011001001100
100011000000011001
100001001010111110
100011001101011001
100000111111100011
100010011100010110
100011101000111000
100010110111100110
100011011000100110
100001100101100100
100011111100111110
100001001110001011
100000101010111110
100000011100001000
100010010110111100
100010001110011011
100001100111101100
100001110000110010
100011111011011000
100001001000010110
100011011000100011
100011001000000000
100011101011000101
100000100100111111
100011011010001010
100011110111011100
100000011100101100
100011101000111110
100001101011101101
100011110100011110
100011100111100110
100010011100010101
100000110110010111
100010000000110101
100000100111101011
100010110100001001
100001001101010101
100011011101011010
100010000110010110
100001001110110010
100011100000000100
100011001100011011
100011100100011010
100010111101000101
100010011010110101
100010111101111000
100010110110000101
100000001010000100
100001000011011000
100010011101011000
100011010110110001
100001011101100001
100000000001111110
100011000101011000
100001010101011010
100000100111111001
100001001001110101
100011011010101100
100011010011101000
100010010111101110
100010111101001101
100010011011010110
100000110011010000
100000011111011011
100001001110001100
100000001011010101
100001010101110110
100010100010110001
100001001000100000
100010001110000111
100000011110001011
100011101110011000
100011010101111001
100000011111010010
100001110000101000
100000100111000101
100000001100111111
100000101111110101
100010001011011101
100000011011011110
100000010111011001
100010101011001000
100011111001010011
100010011011001000
100010011111000110
100000100101001001
100010100000001011
100010111000101001
100010011111111100
100000101100111010
100001100010110000
100010111000110101
100000000110011111
100001101000111011
100010000111001100
100011000111110010
100010111101100011
100001110110110101
100001100010000011
100011111100001001
100001110100100100
100011011100011000
100010111100111000
100010101111001001
100001000000000000
100010010001101110
100010111010011001
100001010001011000
100001111011110101
100001000000011110
100011001001110111
100011011011110101
100010110100001010
100001010110000111
100011110100110110
100001101001010100
100011110101001110
100001100110100001
100001001100010110
100011010111000011
100011011111011010
100011110011101111
100011010110001110
100011001010001011
100010001001011100
100001011110010111
100011111001101101
100011111000110001
100001000011100000
100000000001011100
100011100100011111
100011101100010010
100010101110010100
100011011010101111
100011011110000001
100011011101001000
100011001011101010
100010001101010110
100010101100000010
100000010111001100
100011011110011010
100011010100000111
100011001010010011
100000000001011101
100001001110011100
100001011100101101
100000100001010100
100001010101100100
100001101010101100
100000001100111010
100001000110011011
100001011000010111
100010101111010111
100010100110111101
100011000110011110
100001010001101110
100011110100111100
100000011110111110
100011111110101100
100010010001000000
100000101100111100
100001010011101011
100001011100100000
100010111101101001
100000010010111100
100010111101100010
100001011100001110
100011010001000000
100011100001100100
100010000001100101
100000001110001011
100010010100100001
100000111100101011
100010100010111101
100000101111011010
100011000001101000
100010001000011101
100011100110100110
100011000111110000
100011110011100100
100011111110000000
100001100110010101
100000001011100001
100010011100101001
100000001011010010
100000100100101011
100011010101101110
100011110010011111
100010001010101100
100000000100110001
100000001001011000
100011111000001000
100011101010110010
100010101010011111
100001000000110110
100011010100100100
100001110101000100
100010110001011101
100001100010001001
100000001011001010
100010010001010111
100010110010111101
100010000010011010
100000000111001111
100011011000101010
100010011000100101
100001000100110110
100011011101111101
100011100110100011
100010000111110000
100001000110011100
100010101000101011
100010100010110110
100000111101010011
100001100011101011
100011001100000011
100001000000000000
100011011010000001
100010011110110111
100010100010100011
100010000011011100
100000011010111001
100010110011011101
100010001101100111
100001001011011001
100011111111011011
100000011110011001
100010000000101111
100001100100010110
100001110100110001
100000011111101011
100011010110000010
100001011110110101
100011100011001100
100011100000110101
100000000001110010
100000100110101010
100001110111111000
100001101111111010
100000101111101100
100000001100110111
100000001100111101
100001000011011010
100001111111110001
100010111001000101
100000010110011010
100010011010011110
100000011000101010
100000011101000100
100001011000100000
100000011100100001
100000101111100110
100001100111101000
100000101100100110
100001011010011100
100000100000001000
100001100101111010
100011000100100100
100010100001110011
100010000000010101
100010110001000000
100010100100000100
100011010111010001
100011110110101110
100000001101100000
100000011001101001
100000110100001010
100011110001111111
100011111010001100
100001011110000000
100001000000000101
100001001101101100
100010110101111100
100010000111111010
100010000100011111
100011010001010101
100011001010100101
100001001100110111
100010100000001100
100010000110010100
100000101111010000
100011010110110001
100011010110000110
100011000110001110
100010000001001011
100010111010001110
100011100001100010
100001111101001111
111111001100010101
