00010010010001011001111001100010010111000011101110010110111111010100011000000100010010101001111011010110001101101100110011110010
10000111010110010000111010101011110010010000101110100100100101110000000110001110111110101010000111011001100011101100010011100111
11111010110001000011000100110001101110111101011010011110111100110101111001001101101000000100110100001101001110010011011010000101
00100110110011110100111011010011011100101000101010100110011011001010001100000011000011110100001111000010001110110110111111111001
11001011001100011001011100101001101101000101101001010011011110111011100100100011101010100110000110001000010001111010010101111000
11111101110101100111110111000011001001000100010001011010100100001100011000100111010000100101001011011101100100101100000110011101
00110100100100000001100000001000101111110000101001110110011100001111011001000111101101001010101101010111111010101110111111111001
00011100100110110100101011001010011100101100111011101111111111010111110101001010101011001110111010011110011011101011010000001110
11100110100100110001101100111111100111011010011011100111111001110111010001100000011111100001011110100010001101000010100010001110
11111101111110110101000001111010000100100110011111010000011010000011101000110111000110111100010010010111100100110000001000000000
01101000101111100101100010100001100000001001100001111111001010111101111011010110111110110111111110100110100000000001111101010001
11010010100000100100100001000111100011111000010001101011111100100100100000101011111110001010001111001010110100000011111000101110
10111111000011001101101011001110110111101010001111000000101100110010110011001011100110011100001101101000100001100000111111000010
00010001100010111101010100000000010100001001101010011101000111000110000110101111000011010111101011001011111100011011100000010000
11101101011110000010000000001111110011100000001000001010000101010111010011011001011100100000111100010111000100000110101101100001
01001100010111110110001111101101101110100101000101011101101000111100010001101001001000101011101011111011101111100110001100101001
01001011001100111100111101110000101001101111000101010100001110100011111101011011011010000011111001110011001001010111111000000110
01110001001110010001100011000101000010111100111011001110100001011010101101001101000011001010111100110010010111111011001011110000
01001110110010010101101001010111001111001011000100101100101110010111110100110110100100111101111011111100111100001011111111111101
11000100100100000000011000110100001011100100011111010100010010001001100110101100100010000111010011010100010101101001001001110111
10110000110010101000011100000000000010111000111000110000110100111000101110010110011011110011101011101011101101101000110100100010
01101011011111000110000101001011011011001110010111110111011000101111010110110101101011110000100110111000010010110101010010111000
00010101000100000001011011100011101001111011010111111010001011010011000110010000100000101000111010110111010100100001000101101001
10010001010010111111110100011001011000000010010011000000011000011000100100010011001110001000101110111100100000011110100001101110
01101011111101110111100110000010000001000101110110001001111011111001101111101111100110011110010111001000111001001011101101100100
01001100110100011111111110011111010000011000011110010110011111110110011110110011010101110010000100101101000001001011000010011001
11111111111011001010010010101010011101010101011110111000011100000111100110010100000000010011011111011010001101010101111110110101
00001101110000011101000101100000111101111100010011111111001000010101110000110011010001001101001111001000100011110000111110010100
01111001010000000011110111101101010001000010011011111111001011110110010101010010110000001011111011011100110000011000011100010100
00001101011001001110111100011010100001111101111100111100001111011111111111110110111000101000100100100110100011011111000011101000
11101001011001001010111010110011101000001001110000110010011001101010111000100010101011000011010010010110111011010100010100000100
01000001100111001101101010011000111101110011000010001111010110010011111001101101110001111100110000100011101101110100000110101100
11010110010000011111100110001110111001011110011100110101111100000011100100110011011101100101010010110010011111010101000011001110
00100010010011010000111110110010001101101010010110101000110010110100111011011011010001101000000111110001111011001110001011001011
00001111111000000010001000111011011010111111100111101011110100011011000000101011010101110100011001110001011101110000101100001000
10001001101011011011100001001111001101011011100011111111011101000111000111001111001011000111010001101001000110001111011110010100
01001001011111101111110110010100100000111001010010110100100100110000101010001000100111010000101001001010110100000111011001000100
10111000101010110100010011101011011011110110100111011100010110000100011000000101110100101111001001101100010011010111000101001000
10101101111011101001010101101110101110001000001011100110100011111101101100111111100100100111011011010010110001111111010010000011
01001110100101111001000110100100000010111000011001111100111100111010000111110110000100111010010000110000011001101101101100110111
00011011010001100001100010000011001011101100000001000000000111100111101101101001101000001001100101000000101000101101111011100000
11110111110011110101011000001100000100110101101101110101101110011010100000000011010001011000011001011011111111001100100000100101
11001010101000000100101011111010111111000011110010011111000010001000101100000011110111101010001111001100010010110010110000110100
01110000111111000110101110101010011111111100111010011010001101111111000100100011110111001001010010101110001111110100000111000011
11111110011110000110001111110010100110010001110011010101011100000001111101000000111100100000010011001001101111010100111000101010
01110010000011110001011100010110100101110101000101001100010111000110001100111101100110010101000111011101010100111100001101011001
00010000101110100011100110001110011000111110010101100111000010001100111101110000011011101100000110010010111110001011001111011100
01001000101111101001101100011001101111100000010001111101000100100011100011001010000011111110011011001100100010011011101101001111
10001010100111110011000100100101101100100001110001000001101010010101000001110100001101000100000111011000101110010111111000001100
00010011000111010011010001110000000100111101110110000100001101000011011000100110001011011000111100110100000110101011101110111110
01001011111111001111011101111110010100100100111110110000110010010100010100000000100010111000111000110010110100111010101110011110
00100111100010000110100110110110101110010011001001101000011111110110101101001011011001000011110101110100011000100001111010110101
11101111100010011001001101000111011101000011101100010000100100000101011000100000101001111011100101111010000111010000010110101111
10011110101011100000011101010010000111011010101001010001110001110111110100110001101100100010010000101000011011011000000100101101
00111000000010110111110010110001011001000110110001010011011111000111100010000011001111100101111000001001111011000101101111001100
10101010101001000000100011100000100011011101011101111111110100110000011110110001110110011000101010010110111011111001011010111111
01111101001000101011110000001000001100000010100111110001111011000110010010001010000001100101010011111100101110100111101001101111
00111000001101111101101000010101010111111011011100110101001000111100001101100000111101110111010011111100101000010101110010110000
10110100110100111110101100110011100000111001100001010101100000100000100101100101110000000000111000010010111010111110101101011101
11000000011111010011111110101111000001110110111011001101101001100110001100101001011011110010001010111111000011001111101100111010
01000010101100011111010110101101111100001110000011101001011010100000001010110001100100011001101011001110101010101010111000101010
10100110000011001010010010100111011001011101111011010001100111001010001010010000111101110011000010000011100100010001111001001101
10001100010011000000000110110111011000110110011111100110010000011111101110000010111011011100010100110101011100001001010100111111
01010110010011001111000001010101111000111110110011010110010011011110001110011100010110111010111110001011110010011011011000100100
01100110101000011111001111100100111000101100100010111110000111000010001001011011110010001110100111011001111000100111000011001011
11100101100001001000110110110100001000111100100000000001101011111011001001001111001101101000101011110111011100000111001011001101
10001100100101101110110111110100011110111001011001101001110001011100110110010111100000000001010010111110101110111100001010101011
01010101111011010100101000011001010001100110110010111000100001001100010001101111011011111010101111010001010110101011011010000101
11100010110110000101000010100001000100011101100010011101011000010101011100011110110110001000000011111110110011010101100101010101
10010010011111100101001001110111111101001011001101001110100010010101001110101111100000111000101101010000110000011000000111110110
00010011100011000000001101010101010101110110011000011111010100100010000010000010000111000111100001111110001001101111010101001001
00011111010010010100001010000010111100010100001111111111111011111101011000001110000100011001101101110101111110011010101100100011
01100101100001011001001000000111110001100010010100101010100000000100101100001010010111000011110010101100000010101000101100001011
10011101100000011001111101001000111011000001010011001100011111000110011110100011011111011101010110011000001111111100000101011101
00010100000111000110001000111111100010101100000001010000001100001001000110110010111010011001110011010110000111101111010101000000
11111011000001111100110110111101011011100000101001010010001011110001111101010110100101011111110101001110011001100100010100110001
01011101011100101111010101011010111100110111011101011000101000101010001011100010011000110101110101101111110001101111111110111100
01010000111000011011001001110011101100111111111011000100101011111001010000011010101111110100010000111101000100100011001011101010
10001101010110100100000010101001011100110011111110011010110101000001111100101001101100000001110001100011101011000101110001110100
10000101010010011101100110011010011011000000110000011001000111010011010101001001111000111101110110100110001101110001100100100110
00010011100011110011010000010010011110110111101001001001110111000011011111111100010100111010110110110000000010010111010100001000
10111100100011010011000101110000011001010001000000001011100001000110000110010110001110101011000101101000011111110010101101100001
01000100101111011010110000101010001000101001010111100110100110110001111101001111111110110011001110010000011011100101010000101110
10011001010010100100001011011101001001111010111101011110111011110010011101100010100111001010010011101010001001111000111110000001
00111010101111101010101001011101100000010110110110001010000101010100110010110001011101101000010001010000101100101010010010010111
00110010111111100000100100101100011100111111010010101010101010001001010111010011101011011101111101110001111000111000011101000001
00011001110010101000011011100000101101100011110101111101100011101011110011000000110100000010100111010010001011100100101101111010
00100110010101001101110000011010110001100100110111011000111110011101101011011001011111110100010001110101100110000000001111010011
00010110011101001111010001110010101111100110000010010111000100011110001100110011100000110101000010011100100010010010101001110111
11000000001111011010001011111011001000111001110100001100011101010000110110101111111111110110111001000101000101100110101011101001
11100001000010101011111110000100110110001000000001000010100100101111010110101001111000000010110010011001011010101100001010110001
10011001011110101100111010010010100001110011100000100101000011000100000010100111000100110101110100011101101010111010000110100000
00011001001000001111001110101111000111111111111010001100011011100000000100111011010101001110101100100101010000001000011111101010
00101101110011010001010101110010101001010100111111011110100011001100100001100101001010111110000011010110110011111110100010101100
01100011101000110100101101111010101110101000011011100111010100111111001100010101111001100100101001111010000101100010100001011001
00001000111001100001101011100100010000101100001111100001000001000000010100110110111011111111010011110011101011000101001010001101
11110100001001011000101101000011010000100111011010001111000100101110111111000101100110110111111001101011110001110100010000000111
10110000110101000101000100001011010000100101001111100101110111011110001000011001011011001110000011110000110011101100000001111111
10011001101010111101000111100110001101011011110100101101110110110101000010101001000100001101100000111101010100111111101100111011
11011010011100000111110111000101010011010101010110000010111111001001001010110110111000101011101101001110100010100111011101101111
01001101010110111010100001001101000010011111011001011111100011000000100100010101011001110110101011101100100100100010000010000110
01011100011110000011111011100110001101010111010100010111010010011100001010110010011100010100001100111111001011111111111100100101
11111001100001001000010111010111000111110010001111100101000110010011111000100111001001100010110100100110001100001001001110000110
01100111111101000010011011011001100010110011101110000001010000101001110101101000010010100001110011001100011111101010111111100011
01110110010101011000010000011110010000000101110100000100111111001100100011110011000010101111001001011000000011111001000110111010
11101001100101011001011000011110011101010101100010111011101001110111111110001101111000010000011001100110000101110101001101100110
10010110001111101111110111100110100001010011101101101101011101001100101111111010100100111011111101011011111011001010001011100000
10010100011111001001111111100110010110110010110101010000111000000000000101110011101000011111111011111111101010110010010011010010
10000011011110000001010111101110000011101110101010101101100110011001001100100001011111110011011101011010111101000010111100101001
00111000101001111001001110011100011011111011010001000101110001000111100111011000001011000000110011101010000010011001100110100101
11101001010110001010011011110101100110010110010100011011101111011011110000011110111110001111101011101001000100110000100100001100
01011011001011010101110100000011110100100111011110111100110111011000100110111100111011101101000000111010011011001000000110101000
11111000011110111111100001000111001001111010111011110110101111011010110000011010001000001101111011101010100111001110110100011100
00110001111111011000000001100101010110110001011000111001111000000100001011011000111001001010011101010110110111111110000011001010
10101100000001001100010000101101100011001000001000111010101100101010100101110101000011110100110101000001000111011100011001011111
01110101000010001001110010110010101001000101011110010010111110100000001010100000011100111111011011001010100110001001010100110001
01101101110111011111100110100000100001111100000100011000110010100000100111101000001100101111110110000001100011101011110011110000
11010111000011000001101000000110011110110111101000101000111000101110111000011010001011101100000111011000111000101111000101011001
11000011011000000111101010011000100010001101010100100110011110001110010001110110001101010110001010010111100001010110000100110011
01001001110100100001110010001001101010100111101111100001101111111010101011111000000000000011011100111110110001010000110110100111
11010000011011100111010100011010011110100110010111100010100010101010010101000100010110001010000010110010000111101111100100011011
11101001100011101001101011001001110000011100001011011001011110010100010000010000010010110011010000001001011011001100000010101000
00010011010100010001111111001011100000110110000010011001101001001101001000001111110101111111111010001100010111100011000100000010
01010100110110111010110101111100100001111101101110010001001100010010011110010001011001000110010011101110100000111100100010100110
00001011000110001111010111001000010110000110110001100011000100000111001110111010001110111000011000100111110111111111001100111001
11110110010101100101101000010110100101110110011000111010011011001001111001100100110000100100000011100001000011110000010100011110
11101100011101101111001100000100110111101001001011110000001011011010100010000011001010001001011001000011000100010010111111000101
10010011011100100001011100000111100010001100011110010100110010000110000111001001010011010101110111101001110111110010001100100101
01100011000100101110001111111110000000101011111110011010101001000100100111001110000111111001111100100111000110111011100010101000
00101000000111111111100110110011111110110011101111010001010110110111000111000110010011100110101001001000111100111011001010111110
00100010001110011010100010000010111101110110000101111101010110111010100001101110000001011100110101010111000011001000100100111101
01101111011000100100111010010010110000101100011001011111011101000011111011100111000001011111010011010101110011010000001001111110
10001001010000111000110100101010111100111101010111111010100001001000011111010111000111010001001011011010110100010011111010100111
00011101010011101010110111110100100111111000010101101011011110111110101001011001100011110001101110001011110010101001010101101000
01111001100111101100110010110110001111011101001101011010010101010100010011011110100000000101010100000111110011111100100011000001
00111000111100100101100000101111100100011010011011101101010001011011101000101101011101010101101010111011010101110101111101001111
11100001100011000010010010011010011100010100010100111110001111000001000100001010000001101011100011101111000001001100100011110110
10010001001111000111011111101100101011101110100000110100011111001001110001100110100110000010010111110011101001000000000101100011
10101001000011100011110110101011001001100111000000001011010100110010010001101110010011010101000001101110100110111001101100010010
01111110000101000101100111110100011001110000101011100111101001010001001110011100000011111000111001100101111001000111100111010000
00101000110000111100011000001001101010011010010111101001101010001001000111000101010100110110000110011011000111011000001100011110
11111100111110011101000100010011100000010000001111001011001000101110010100011111110100100101011101111110110110110110100110001110
11101110110000000011101001101111100011101110100011011000011101110011000000101011001101110001111000111001101100101010001000110101
10100000110111001111101001011100111011010001111000000001110011010100000001000101010100111011011000110001111000000110110011011000
01100100110001011101011111010111111000000000011001000100001101001100010000011110101001000100110000111001101100011001010100110111
00101100010001010100110111011110111010101101010010111101000010001001111010000010001001000101011101010001000010101101000010111010
11001101011110101100001010110000100111011011000101101110001111010011100110000100101010101100001000010100110100101100101100101010
00110010111001010000000101110100011101000101000111100101000011000010101010110101111100010111100000100000110000101110110100100101
00101110110000010101100011100010100000010101000000001010011000000101101010010100100001000001010110100110101100110110010001110100
00001001011010100001000110000110011011010001001001011010110000100010110000010101011010001011100000100001011100111010101001111010
00110000000001111001011011101011000001011001011111010000010000010101100000110001101110100100011111010010100010100110010101101000
10101010101000111011111111011100011100111101100010100101101111011011110011000001110010111110011011110101110010010110011100110000
11111011011101111111100101100001110000111000100000010000010100010001010011001001100011111110000110011010011001011101101000001100
01011011111101001001001010011001111110101100001010010100110110011000001100010100101011001101101110110000101100100110110010100101
01100100011001000010001100000001111001110010101000000101100110111111010100011000010110101110010001100011111100001111110110010110
00011011100011100001001111010100101001001011100101110111100101100101101000010101011101110110111000111110101011001001111010000100
11100101011111101100001000110011000001000010001001011110010111101101110000111000110111010001101001100000001011011010101000100001
00100100100110100111100100100001001111001100010110010000010000010001110000101011100010001100000111010110110000111110000111000110
01101111010111011100100001011111000111111000010110100011000100101110110111111110000100011011111100111010101111000100100100001101
00010011010100001000011110100111001110010001100000100100000111011111100010111011110000000011101111100001010101111011001111111010
10001110011010101100101100100011100010111001001010100001110101100010101101000010110001001111000101011101110100110010101010100110
11110111001000110100011011110001010001010011001101001111011000100100111000010001010011011101011001111011100101010011010111001011
00101101001111001111010111001101000110011111110110001011101101111010111010011010001100110101010101000110000011100000000011101111
11111101100111100001001011010011001111101010101110011101011100001001111111110101000111111010011110101011010010011100101001011101
01101110010101101000101111110110100110010010111001111001011000010010010110100101001111101101111111101010100101110100111101100010
10101100010101101000010111001101111110110110101000010100010101101010101100101101101111101010011111001110010001011000000000100101
01111001100101101001011101010101100111000110100000101011100011000010011101011010010000100100001111001110000001000001100100001010
00110110011010001100110000000100100010000000011010011110001111000100010111101111011011101110101100110110101100000011001001011101
10011010001001011111001110010100110001110110110101100110100010010001110111101011000011100100110011101011010100010010100001001111
01101101100111110101101010110011100110011101110011111110000110101101011111111010011001000100100011100111101001010001010011111100
00001111001000100110000111010100010011011110110000101011010110010100011001001000011000010010010101001010100010000101000111100001
01100011011100010111100000011010010000010111110111101100110110110001111010101001101000100010001100000111000100101110010110011111
00010010010101011101111011011011011001011000011011011110110010110111001001011101001111001110001111100100011001110011111000101001
00111110000111100011100101101000001000010011011110000000111000000111101011011100111001100001001000000001011011100100010111000101
00000011011101011111001011101100101011110111100001011000111101101110011111011011111000100000011101000100111111110000010000010010
00101000010011001110010101110001011101010011100011011100011110000110110101011110001010011110010000111101001110110000111010101001
00101100110101100110100100001011010111001011100100001110100110101111111111110001010111011011110111100000100000100010100110000110
01101010111001101011010011010001110000111011101000000011111010100000100001110111011010100101110101100101111111001010011010111001
11110001110111111101001100000010101010011110111100101111001110010101011001100010100011110110000000001010111000100101000001110110
10010110001101011010001000100001101010011111010000001001111001011110000110000110101111101110101001010110110000010000000011010111
01010100001100001001010101011011100010011011011010111110000001001001010111101011011010010101100001010010000010010101100000110011
00110110011111110001101001110111111010100101101010101110011011110001011111100100100000001101100010100101101101011011110000111101
01111011111001001111010011000101100110110011001111111011011101111111000101011001111100011111101000110000100100111010010011001001
11111111110011011010001001100101110101101100010001101011000110001101100100011001011101101110001000110100001100011011001100010100
10101110110101111011100010010010011000000010010111000000011010100010001100010001011001010000000010110101101110111000001100011000
10110110111010010000001111111010110111101001111011100011011100100011001111010100101001101011000110110111100111011101100110111001
01110111001011101001110110011100100011001011011100100101100111101011000000010001110101001110000101010110100111011101010011111000
11100101000110100110001111101111101000100010010100100100100110000111100100000001101101001000110100100010110000110001110010010000
10011000110000101101010111000001111010111110111010010111110111101100100010111000000111110100010100010011001110011110110111011110
10010001101110100011101011111110100010000000110100100011110100001011011110001101000001011111010000000100100011011100100010110111
00000000010010111000110111010111100110111001100010001100100000001100011100101011000001110001001010100001111001100001101111111100
00000110111110101101011011010010000010011001010011110100101000110100011011110001010101100000000000000010101100010100101000100111
01111101110101110111100100101101001010110111001100100000000111000100010100111100000101111101011110001000000101101010001010111010
10000011010110110100010011001110001000001010110011111110010101100011000011010000110001110101001010011111011100000111111111110101
00011101100111111000100101101001111110100101111111011110010111100000100011110110111110100001111010111001010000011001100100101001
00110010111101010010100010000011110011010110101010100100101110000100000101000001001101110110101011011111100101010000010110101101
11000100011001111000110011001001100000110100010110001000000101011010011001010001100100001110100000011011010111110000011101111010
01001010010000111100000010101000000110110011001100110000011001000000000000000111101000000000111110100110001000100000110111110111
01110111101101110011011000001000001110100101000110011010001010010011100110110100111001110010011011100110101010110001110111111001
11001101010011111110101011010001001010000100011101100111101111111101100000111111000101011111110011100110010110101100111110000001
01000110011111001110010101001001001101101111000100000101001000011110001100011100100011101100110000111011010110010100111001001000
01100000000101001011011010001000111100010110001001001111011100110100011011011010011000010100011100101110001001110001111010001001
01100010101010110000011000111000111001010101110000100000010111011101101011011000011001000010011000111100010001110101111011010001
00110100110000110110111111100111001111010010101010111110000101000001000101101000110010011111111101000111111000001011001111001110
01000110000100101010111001101110110001010000011100000001011110111111110000011111000101110100100001110010111110100000101110111010
01110010001101111100100111111101101101000111001000101010010101000110011111001011111111110011100011010100111110001101110101110010
00011001111001000010001111111001000001010010100100100001111100100110101100101011010111001011100100100110101000011111111111111101
11001100101101101111100010001010001010001011011011010010000101001000110001011111111000111011010111100011111010000010100001011011
11101001010101011000010101111100100001001011101100011101001011110111001100000001100010011100111100100011001110001000110101101100
10001111100000000010101011100001101000001111011001010110100001100100000000100001101000010010011100101011001101011110001001000110
10111110011001101101011000001101000010011101011101111111000100101001010101101011111101111011111010110110110010001001100100100000
01101000111110101010101000111011000110000100001100110111011111001011010001011111111010101101000110101101111001110001011111000100
10100000111101001000010110110101111111000011111101010111111001001100110011101111100110111111011111011000010111110111000001011001
00010101111100101000011000001000010010001100011011110111110001010100110001110101000101101111101001001001101010001101100100111011
01010100011011100000000100111110011100000001010111010010100101110111100010011000010000000010011111110000001010100000001111011001
10010101001100000111111010110101100000110001101010111101110010010011011011110110110111100010111111101111011100110011000000000110
10100110010000111011011110011111111000110100000101110101000011000101110110110011100011111011100100010101100101101011100001010001
11010000111000111011101010101101010101101111100100000111000110001010001111110011111000100001011000010111000110111101101001001111
10111010100100100010111000001011001111101001000000011011110000101110010110000001110010001101111000010111000001101011000010001000
10111111010011000011000110110101001001011001001110011001001010101100010011111110100001001011001111100000111010000111011110001101
00000101111101000100010110001101110010000000011000101110011011001000110100100101001010111001000000010100000000001111011100101011
11000111001000001011111111100110000110111101110000100010111110100001100000001110111111011001100001011100101000111000101011011001
01011100100000000011001000111111011110011100011101110101110100110000100100101101011010111011001101100000001011000100001000011100
10010111111001110010010000010110011010100111101010001001011100001010010011010001110100001000110001001010011101101011000001101100
01100111011100100101001101110000011100110101010111001110110111110011001010100001011100011011110011011110010111101101100000010100
11001010001111011001001101001001100110010010100111111010101101100010001100000000110111010100101110010101000010000101000110101001
10011101101001101101111110100111000011010101011011000100111011111011110011000000110000110100101100100000000111011110111011110010
00101010111010001011100001011111000000110100001010000110001100111100001101101000001010001011001111010000011011100011100000101101
10010010101011111000011011101010000011101011100111110111101101010000000100101011110010101011001100000110010110100000010110110101
01010100001001101100010010101011101010011111111001000001100001111101011000101101010000001000011101100111101111111101100000001111
11100110011101000010101001100010110011111000000101001010011111000110010101000010110001101100100100001010111000011101000000010010
00101100010011010111100101011001101111110110110011100000110100001011110010000010111100111010000001001100001100000100111011101000
11101001010010111010110110101111101111000100011001011110010110010000011011111000000010110101011010001111001000011110100100101000
11011100111001011011100010000101011011110011100111010100111100010110110100101110101011010001001001111110111110111010000111101000
11111001010011110111011110001011101100111100011010001010011010010110010001101010110101010011001100000001010010110100110010011111
00010111100001111011000111110010000000111011101001111101100101111111100101010001100100010111100011011001110101110110111111100111
11111100001010000101101000011000000111000100100010010011111010000010000011011101110001011110011111110001000000101110011110100011
01011111111101010010011010100011101111111100110111000000010001000011100010001010001011001111010111010010100101000100111010011111
11011111101111010110011110101000110101001101101111101001101001011000111001011001010011110101001100101110001011110111110110110111
10001011010011111011101110010100100011011000011110000100100011001001101000110101001011001100110101011101100000000111001100100001
10110001001010110110100000110111110000101110000000110110011001101101010000000101010010011101110011111111001011101011010011101010
11110111101011010101010101100010011010011001000001011000111100101000010100111011001000000100111100011111001100001011010011011111
11110000000100010000110111110101111001110100101110101100010011101011111111011001110011001001110010010100010101110100110000101100
10010001010001111101111001100001010100000011100100010101111111010100011000000100010010101011111011010110001101011100110011110001
10000111110110101000001010101011110110010000101101010100010101110000000110001110111110000010100111010010101111000100010010100100
01000010110001110011001100110001101110111101011010011101111100000101111010001101100000001001000100001101001110010011011011000101
00101110111011110110111011010011011100101000011010100110010011001010001100110011000011110100001111000010000011000101111100110001
11000111101100010001011100010101101101000101101001010000010000111011100110100011101001100111000110000111110001111010100101111000
11111101000101100111111111000011000101100100010001111010100100001100011000101011010000100101001011010001010100101100000110111101
00110100100111000001101100000110101111001000101001110100011100000011011001000111101101101001101101010111111010101100111111110001
10111100100100110100101011001000011100100100111011001101111111000111010101001010101000001100011010101110011011101000010000100110
00100100100100000001101100000011110111011010011011100111111010111011011101101100111111011101111110100010001101100010100000001110
11111101001110000101000010101000000010101101100101011100011010000011001000111111100110111100011110010111100100110000101000101101
01101011101100100101000010100001100000101001100001010111001010110010110000010110110110100111110110100110101100001010110011010001
11010010100000100100100001000100100011001000010001101011011100100100100011011011111100000110000111001010110100000011001000101110
01111111100011001101101001001110110111101001111111001000001111010010110011001011100110011110001101011000101101100010001100000000
