11110110011001100101101000010110101010110101100100001010011001101001101011100100010000100100001111100001000001110000010100010110
11101100111101101111001110100100010100101010001011111100001001011000101101000011101000100111011001000011000100100010111111000101
10010011011111100101011100000111100001000000011110111000110110000101000100001001010000100101001111100101110111110010000100011001
01101111000100101110001111001110000000000111111110011010101001001110100111000110000111111011110100100101000110110101100010101001
00100000000101110011010101010011111110110011101111010010011100110111110111000101010011010101011010001010111100001011001010111110
11100010001110011010000010001010011101110110001101001101010110111010100001001101000001011111110101011111100011000000100100010101
01100111011010101100111010010010001000100000011001011111011110000011111011100111001101011111011000010111110011010000001001111110
01110001010000110000111100101000111100111110010111111001100001001000010111010111000111010001000111100101110100010011111000100111
00101101001011100010011000111100100111111000010101100111011101110010101011011001100010110001101110001001110010101001110101101000
01111010100111001100110010110110001011011110001101110110010101011000010000011110010000000101110100000111111111111100100011000001
00111010111100100101100000101111100100011000101011100101100001011001101000011110011101010101101010111011101001110101111101001101
11100001000001101110010000010110011100110110010100110110001111100011110100100110100001101011101111101101101101001100101111111010
10010011101111110101011111101100101011101110000000110100011111001001111101100110010110110010110111110000001010000000000101110011
10100001110011101111110110101011001001000101001010000011011110000010010001101110110011101110100001101110100110111001101100010001
01111100001101110101100111110100111001110000101000110111101001111001001110011100111011111000110001000101110001000111100111011000
00100000000011001100011000001001101010011010010111101001011010001001010111000101100100110110000100011011101111011011111100011110
11110000111110101110100100010011000010010000110011111011001011010110110100001111110100100101011101111100110101110110100110111100
11101110110100000011101001101100100011011110100011111000011110110011100001101011000101111001111000110110101100101010001000010110
00100000110111001101101010011100111011010001110000000001111111010100000001100101010110111011011000110001111000000110000011011000
11100100011001110101011111010111111000000000011001001100000001001100010000101110101001001000111000111001101100011001010101110111
00001100010011010100000100011101110001100101011101111101000010001001111010000010101001000101011110010001111110100011001010101000
11110011011101101100001010010000100111011011000101101101001111010011100110100000100010111100000100011000111110100000101100101010
00110010111111011000000101110110101111000111001011010111000011000010101000000110011110110111100000101000111000101110110100100101
00101110110000010101100011100010011100010101001011001011011000000111101010010100100001000001010110100110011100001110010001110100
00110101011000101001011110000110011000010011001101001001110000100010110010100101101010101011101100100001011111111010101011111000
00110000001101110011111011000111000011011010011111010000011011100101100100011010101110100100010111010010100010101010010101000100
10101000101000001011000000011110011100111101101101100101100011101011101011000001110000111100111011110101111110010100011100010000
11111011001101110000100101101110110000111000100000010011010100010001011111001011100000110110001110011001011001111101101000001100
01011011111111101001110001011110111100011100001001010100110110011000111111110100101011001101101110010001101100101010111110010001
01100100011001001110110110000001111010111010011000001011000110001111010100011000010110101110110001100011110100000111000110011010
00011011100001100010011111011111001100110011100111110110010101100101101000010110100101110110111000111010101011001001111001100100
11100010011111001110000100000011000001100010111011101100011111101111110000110100110111010001001011100000001011011010100010000011
00101000100101100111000100010001001111111100010110010000011100010001011100000111100010001100011100010100110010001110000111000101
01001101010111011100101001011111001000110000010110100011000100101110000111111110001100101011111110111010101011000100100111001110
00011111100100110010011110011011001110100010100000101000000111111111100110111011110010110011101111100001010110111011001111000110
01001110011010101100100011010011101110101011001000100001001101010010101101000010111101110110000101111101110110111010100010101110
00110101001011110100011100110010100001010011110101001111011000100100111010010001110000101100011001011011010101010011110111101011
00001101001101001101010111001101001010101111111010001011100010111010111000011010111100111101010101001010000011101000011111011111
00111101000100101101101011010001001111101010011100011101011111101010110111110101100111111010010101101011011110111110101001011001
01001111100110111000101111110110100101011110111001111001100111101110110110100110001111011101001111101010100101110100010011011110
10000000010101011000010111001111111110000110100100010100111110100110100000101111100111101010011111101110010001011011100000101101
01110101100110101001011101010101010111000100000000100001100011000010011101011010010000100100100100111110001101000001100100001010
00110110100110001100111100000100100010001100011010011110001111000111011111101111101011101110101100110110011100000001111001100101
10011010001001011111001110100100000010110110110101100110000001010011110101101011001001100111110000101011010100110010010001001111
01001101100100110101011010011011100110111101000011111110000110000101010111111010011001000000101011100111101001010001101110011100
00001111000000100110100111100100011110011110110000101011010110111100011010001000101010011010010111101010100010001001000111001001
01010011011000010111101100010010100000010001110111001100111110111101110110100001101000010010001111000111001000101110010110011111
11010010010101010101111011011011011001011000011011011110110000110011101001101111101111101110001111010100011101110011111000101001
00111100000111100011100110110000101000100011011110100000111000000111101001011100111011010001111000000001111011100100000001000101
01000011101101101111001011101100101011110111100001011000110001011110011111011011111000100000011101000100001111111100010000011110
10101000010011000011010101110001100101010011010011011100011101100110110101011110111010011101010010111101001110110000111010100010
00101100110101110101000100001000110111001011100111001110101110101100110010110000100111011011000111101110101100100001100110000100
01101010110010100001010011010010110000110000101000110010111001100000001001110100010010000101000111100101110011001010101010111001
11110001111111110001000000000010011000011110110100101100110000010101010001100010100011110110000000001010111000000101100001010100
10000110001101011010001010010001101010010111010000001001011001100001000110000110100111101101101001011010110000010010110000010101
01101000101110000001110101110011101010100111101000110010000001001001010111101011101010010101010011010010010000010101100000110001
10111010011111111101101010001010011010010110100010101010011000111011011111010100011100111101100010100101101111011011110000110001
11111011111001101111010111001001011001110011001111111011011101111111100101100001110000111011101000010000100100010001010011001001
01001111110011011010001001100101110110100000110001101011001110001001001010011001011101101110001000010100111110011000001100010100
10101110110101111011000010010010011000001010010101001100011001100010001100000001111001110010100000000101100110111011011100011000
01011010111010111000001111110000110111011001111000011011101100100001001111010100101001001011100110110111100111101101101010110101
01110111101011100001111010101100101111101000011111100101011111101000001000010011001001000010000101011110010111011101110011111000
11101101000110100110000011101101101010100010000100100100100110100111100100100001001101001000110110100010110000110001110000011011
10101000110000011101011011000001111000011100011010010111110111011100100001111111000111111000010100100011000110011110110111111110
10010001101110100011101011111100100010100000110100010011010100001000011110100111000010010001100000100100000111011111100010111011
00000000111110111110110111010111101100111101101010001110011010101100011100100011100001111001001010100001110101100001101111000010
11000100111100010101011011010011001010011001011011110100101000110100011011110001011001010011000010001110101000100100111000011111
01111101110101100111100110010101000110010100101100101110001111000111010111001100000101011111011110001000101101011010001010011010
00000011010110010100011000001110001000001110110011111101010101100001000011010011110011101010100110011101011100001001111111110101
00011101101011111000100101101001110010100101110111011110010101101000101111110110000110100001111001111001011000010001010110101001
00111110111111110010101010101011110011110110001010100100011101100100100101000001111110110110101000010100100101101010011110101101
00110110101001111100110011001001100000001110010110001010000101011010010101010001100111001110100000011011011111110010011101011010
01001010010000111100001010000100000110110000101100111010011010001100110000000100100010000000011010100110000011001100010111001111
01101100110110110011011010110000001100100101110110011010001010010011101110010100111001110010010111100110100010010001110111001011
11001110010011001110101101010001001010000100011101101101100111111101101000111111100101011101110011101110000110101111111111001010
01100100011111001110011101001001000101101111110000000101001000010110000100011100100011011100110000101011010110010100011001001000
01100010001001100100011010001000110100010110001001100011011100110111100011011010011000010100111111101110111010110001111010101001
01100010001010110000011100011010111001011001110000010000010111011101101011011011011001111000011011111110110010110111001011011101
00111100111000110110110001100111001111010010101000111110000111100011000101101000001000010011011101001011111000001011101011101100
11000110000100100010000101101110010001011100010100000001011101011111001011011100001011110100100001010000111110101100101111111011
01010010000001110100100011111111001101000101001000101000011001000110011101110001011111110011100011010100111110001110110101011110
00101001111001000011000100111001000001010010100100101101111101100110101100001011010111001011100100001110101010011111111111111101
01111110101101011101100010000010001010001000011011010010110101001000110011011111110000111011101011000011111010000010100001110111
11101001010111010100010101111100101001001011101100110001110111110101001100000001101010011100111100101111001110101010110101100000
10001111100000000000101011100010011000000111011010010110000001011010000000100001101010011111010000001001000001011110000101000110
10111110011001101101011011001101000010001101011101111100001100001001010101011011010001111011111010111110110010001001010100101000
01101010111110100101001000111011100110000111001100110110011111001011101001110111111010100101100110101110011011110001011111100100
10100000111110001010010110110101101111000011111101010111111001001100010011001111100110111111111111111011010111111111001101011001
11010001111100100000000010001000010010001100100111110111110001011010111001100101110101101100011001001011000110001101100100011001
01010100111000100000011000110010101100000001011110101110110101111011100010011000010000000010011111000000111010100000001100011001
10100101001100001011011010111001100000110001101010110110110010010000111011111010110111100001110011100011011100010011001111000100
10100110101100011011011110011101111010110100100101110111000011101001110110110000100011001011100100100101100111101011100011010001
11011000111000010111011010011101010101001111100111000111000110100110001111011111101000100010010100100111100110111101100111000011
10111000101000010010111011001011001111001001000000011000110000101101010101000001111010111110111010010111001101100000000010111000
00011111010011000001000100111001111011010101000110010001001110100011100011111110100001000000111111100011110110001011011110001101
00000101111101000100010010001101110010000011011000000010010010111000110111010101101010111001100000001100000000001100011100101011
00000111001000101010110111100110000110111101110000000110111110101101011011011110000001011001010011010100101000110100011011011001
01011110000000000000001000110011010010100000011101110101110101110100100100101101111010110111001110100000000111000100101000011100
00010111110101111010010000010110101010100111101010000011011110110100010011100010110100001010110011111110011101100011000011011100
11000111010100101001001101110000011111111101010100011110010111110000100110101001011110010101111111011110010111101101100011010100
11001010000111011011100101000001100110010010100111110010111101100010100010000000110011010110101010010100000010000100000101001001
00110111011001101101111110010111000001010101010111000100111001111011110011001000100000110100101110100000000101011010111001010010
10011000111010000011101101011111000001110111101001001010000000111100000010101000000110110011001100010000011001000000100000100111
10100000000011111010011000101010000011010111101111110111101101110011010100001000001110101001001110001010111010010000010110110110
11100111001001101100010010101011100100011111111011000001010011111110101000010001011010000100011101100111101111111101100000001111
00010101111111000010011001101010110011111000000101001010011111001110010101000010001101101100100100001001001000011101000000010000
10001100110011111111100101011001011111000100100001100000000111001011111010001010111100111010001001001100011100110100011011101010
01101001010001111010111000101111000111000100010101010010101010010000011011111000111001110101110000000000000111011110100111101000
01100100001001011011000001000101011011101101000111110100110000110110111111100100001111010010101001111110001101110001000111101000
11111001010011110111011101000000101100111100111001001010000110100110111001100110111101010011101100000001011110110100110000011111
00010111100010000111001011111010000010111011101001110010001101111111100111010001100100110111001011011010110101000110111111101011
11111111000010001101010000111000110111110100000000011001111001000010001111011101000001011110011111110001110000100110011110101011
01011100011101010010011010100011111111111100110111000000100001100011100010001010001011001111011011010010000101000100110010011111
11010011101101011110001101101000001010001101101111101001100101011000010101110100100001110111101100101110001011110111001110110101
10001001010011111001001110011000100011011010110010001111100011001010101000110001001000001100110101011110100011100100001100100001
10100001001001111110101100110101110000100110110010110110011001101101011000000101010010011101110001111111001000101001011101101000
11110111101011100101011001001010010110010010000001011000111100101010100100111011000100000100001100111111001111001011010001011111
11100010000100011000110111010101000101110100011110100000111111001011110101111001110011000011110010010111110101110100110000101111
10010011110001111101001001101101010100000111100100010101111100010100011000001000010010101111111011010100111101010100110001111001
10100110111110100100101010101011110110010011101101010100011001100000000110111110011110000010100111010010101111110111100010011000
01000000001001111111000000011001100010111101010110011101001100000111111010110101100000111001101010111101111110010011011011110101
00011110001011111110111111010011101100101000011010100110010000001011001100011111001011110100001101111101000011000101111110110011
11001111101100010001011100010110101101000101001001010000010000111011100110100001101001101111100100000111110101001010100101110000
11011110000101101101011100100011000110100100011110111010100100001100011000101011000011101001001000010001010100101110110110000001
00000100010111100001011100000110101100001000100010110100010011000011100101110101101001011001101110010101001010101100110011111110
10110100101100110110000011101000011110001000111000001101111111000100010110000010011010000000011010101110011011101000011100100101
00101000100100000001100000000000110101111010010111100111111000111011011101101100000110111101111100100010001110100001100000001110
11111101000110000101110010100000000010101101100101011100010000000011001000111111101110011100011101110101110100110000101000101101
01101011101100010110000000100000010000101001100010010111001010110010010000010110010110100111000110101010101100001010110011010001
11010000100000100100101001110110101100000100010001101011011100100111100001111011011100110110010111001010110100110011001010100001
01111111100011001101111001001110110101001001011111001000001111010001111101001001100110010010101111111010101101100010001100000000
11010001010010110001010100001000010100101010101010011101101001100110111110100111000011010111101011000100110111111011110011100000
11001111010010110010000000001101111011101111001000101010000110001011010001010011101100010100000000100110001100111100001101101011
10101000101100111101001101101110101110000010000110011110101011111100011011101010000000101011100111111011101101010100000100101001
11001010001100110000111001111000000001011011010101010100001001101111010010101011101010101111111001110001000001111101011000101101
01000011101110110101101110111101001110001100110011001110011101000010101001100010000011111010000101110010011111110110111011110010
11000110110010010011101011100001000100001001000100101100100011010111100101011001101100110101110011001100111100001011110000111101
11110011101000001100110000110000010011101110100011101001010010111010110110101111101111000100011001011100010110011000111001111000
00111000010101101000011100100010111010011000000011111100111010011011101110000101011011110011100111010100111111011010110100101110
10101101001111100111001011001011011000111110010011111001010011110111010110001011100011111100100110111000010010010110010010101000
00010101001100000000111001000011011011001011010100010111100011011011000111110010000000111000101010110101010111111111100101010001
10010001011110111101100111011011011011111110011111111100001000000101100100011000000101000100100010010011000000100010000001011101
11001001110101111111000100000010110001111010111101010111111101010010011010100011100101111100110111000000011001000011100001001000
01101100111101011101001010010100010011011001111101011100011111010110011110101000110101001101001111101001101001011000001001011001
01001111010100110010111000101101011111011011011110111011011111110111101110010100100011011011011100100100000011111001011000110101
00101111110011011101000110000000011100110010110110110001001000010110000000110111110000101101000000110100011001100001110010100111
01001001110111001111111100101110101101001110101011111111101011010110010101100010011010111001000001011000111100101000010100111011
00000000010011111110111100010000101101111101111111110000000100010000110111110101111001110100101110100110010011100011110011011011
11101111100111001001010010011011101011000010110000010010010001010001111001100010010111000011101110010101111111010100011000000100
01001010100111101101011000110101110011001111001010000111010110010000111010101011110010010000101101100100010101110000000110001110
11111000001000011101100110001110110001001110011101111010110001000011000100110001101110111101011010011110111100110101111001001101
10100000010111010000110100111001001101100100010100100110110011110110111011010011011100101000101010100110011011001010001100000011
00001111010000111100001000111011011011110011100111001011001100011001011100010101101101000101101001010011011110111011100100100011
10101010011000011000101111000111101001010111100011111101110101100111110111000011000101000100010001111010100100001100011000100111
01000010010100101101110110010010110000011001110100110100100111000001100000001000101111001000101001110110011100001111011001000111
10110110101010110101011111101010111011111111100100011100100110110100101011001010011100101100111011101101111111010111110101001010
10101100111011101001111001101110101101000000111011100100100100110001101100111111100111011010011011100111111010110111011101101100
01111101110101111010001000110100001010000000111011111101111110110101000010011010000100100110101111011100011010000011101000110111
00011011110001111001011110010011000010100010000001101000101111100101000010100001100000001001100001110111001010111101110000010110
11011000011111111010011010000000101011111101000111010010100000100100100001000111100011111000010001101011111100100100100000011011
11111000101000111100101011010000001111100010111010111111000011001101101011001110110111101010001111000000001100110010110011001011
10011001111000110110100010000110000011110000001000010001100010111101010100000000010100101001101010011101100101000110000110100111
00001101011110101100101111110001101110000001000011101111011110000010000000001111110011100000001000001010000101011011010011011001
01110001000011110001011100010000011010110110000101001100010111110110001111101101101110100101000101011101101000111100010001101001
00100010101110101111101110111101011000110010100101001001001100111100110101110000101001101111000101010100001101101111111101011011
01101000111111100111001100100101010111100000011001110001001110010001100000000101000010111100111011001110010001111010101101001101
00001100101000010011001001011111101100101111000001001110110010010101101001011011001111001011000100101100100010010111110100010110
10010011110111101111110011110000101111001111110111000100100100000000011000110100110011100100100011010110010010111001100110101100
10001000010001101101010001010110100111100111011110110000110010101000011100000000000010111000111000111100110100111000101110010101
01101111001110101101101110111101100011010010001001100111011111000110001001001011011011001110011111110111011000001111010110111001
10101111000010011011100001001011010101001011100000010101000100000000011011100011101001001011010100111001100011010011000110010000
10000010100011101011011101010010000100010110100110010001010010111111110100011001011000000010010011000000011000101000100100010000
00111000100010111011111110000001111010000101111011001011111101110111000110000010000001000101111110001001111011111001101111101111
10011001111001011100100011100100101110110110010001101100110100011111111110010111010000011000011110011110011111110110011110110000
01010111001000010010000100000100101100001001100101111111111011001010010000100010011101011001011110111000011100000111100110010100
00000001101101111101010000110101010111110011010100001111110000011101000101100000111101111100010000111111001000010101110000110011
01000100110100111100100001000111000011111001011101111001010000000011110111101101010001000010011011111111001011110110010101010010
11000000101111101101000011000001100001010001010000001101011001001110111100011010100001111101111100111100001111011111111111110110
11101010100010010010011010001101111100001110100011101001100101001010111010110011101000001001110000110010011001101010111000100010
10101100001101001001011011011101010001010000010001000001100111001101101010110100110001110011000010001111010110010000111001100001
11000111110011000010001110010111110000011010110011010110010000011111100110001110111001011110011100111001111100000011100100110011
01110110010101001011001001111111010100001100111000100010010011010000111110110010001101101010010110101000110000110100111011011011
01000110100000011111000111101100001000101100001100001111110000000010001000111011011010111111100111101011110100011011000000101011
01010111011001100111000101110111000010110000101110001001101011011011100001001111001101010111100011111111011101000111000111001111
00101100011101000110100110010000111101010001010001001001011111101101110110010100100000111001010010110100100100110000101000001000
10011101000010100100101011010000011101100100011110111000101010110100010011101010011011110110100100011100010110000100011000000101
11010010111100100110110001001101011100010100100010101101111011101001010101101110101101000000001011100110101011111101101100111111
10011110011101101101001011000111111101001000001101001110000101111001000110100100000010001000011001111100111100111010001001110110
00010011101001000011000001100110000110000011011100011011010001100001100010000011001011101100000001100000100111100111100001101001
10100000100110110100000010101010110111101110000011111011110011110110011000000000000100110101101101010101101110101010100011001011
01000101100001100101101111111100110010000010010111001010101000000100101011111010111111000001110010011111000010000000101100000011
11011110101000111100110001111011001011000011010001110000111111000110101110001010101111111100111010011010001101111111000100000011
11010000100101001010111000111111010000010000001111111110011110000110001111110010100110010001110011010101011100000001110001000000
11110010000000001100100110111101011111100001101001110010000011110001011100010110100101110101000101001100010111110110001100111101
10011001010100011101110101010011110000110101100100010000101110100011101110001110011000111110010101100111000010001100111101110000
01101110110000011001001000111000101100111101110001001000101111100101101100011001101111100000010001111101000110100011100011001010
00001111111001101100110010001001101110110100111110001010101011110011000100010101101100100001110001000001101010010101101001110100
00110100100000011101100010111001011111100000110000010011000111010011010001110000000100111101110100000100101101000011011000100100
00101101010011110011010000011000101110111011111001001011111111001111011101110110010100100100111110110000110010100100011100000000
10001011100011100011001011010011100010111001111000100111000010000110100110110110101110010011001001101000011111110110101101001011
01100100001111010111010001100010000101011011010111101111100010011011001101000111011101000011101100010000100100000101011000100000
10100111101110010111101000011101000001011010001110010010100011101000011101010010000100011010101001010001010001110111110100010001
10110000001001000010000001101101100010010010110100111000000010110111110010110001011001000110111001010011011111000111100110000011
00111110010111100000100111101100010110111100111110101010101001000000100011100000101111011101011101111111110100110000111110110001
11100001100001001001011011101111010101101011111101111101001000101011110000001000001100001010100111110011111011001010010010001010
10000110010101111111110010111010011110100110111100001011001101111101101000010101010111111011011100110101001000111100001101100000
11110111011101001111110010100001010111001011000010110100110100111110101100111111100000111001100001010101100000100000000101100101
11000000000011101101000011101011111010110101000111000000011111010011111100001101000001110101110000001101101001100110001100101001
01001111001000101011111100001111111110110011101001000010101100011111010110001101111100001110000011101001011010000010001010110001
10100001100110001100111001101010101011100010001010100100000011001010010010101111011001011111011011010001100111001010001010010000
11110111001100001000001110010001001111100100110110001100010011000000001110110111011000010110010011100110010000011111101110000010
11101101110001110011010101110000100101010011111101010110010011000011000001010101111000111110111011010110010011011110001110011100
01010110101011111000101111001001101101100010011101100110100000011111001111100100111000101100100010111110001011000010001001111011
11001000111010011101100111100010011100001100101111100101010001001000000110110100001000111100100010000001101011011011001001001111
00110110100010101111011101110000011100011100110100101100010101101110110111011000011101111001011001101001110001011100110110010111
10000000100101001011111010111011110000101010101110011101111011010100101000011001010001100110110010111000100001111100010011101111
01101111101010111101000101011000011101101000010111100010110110000101000010100001100100011101100010011101111000100101011100011110
11011000100000001100111011001101110110010101010110010010011111100101001001110111111101001011001101001110100010010101001110101111
10000011100001110101110011000001100000011111011000010011101001000000001101010101010101110110011000011111011100100010000010000010
00101100011110000111111000100110011101010100100100011111010010010100001010000010111100010100001111110111111011111101011000001110
00010001100110110111010111111001101010110000001101100101100001011001001000000111110001100010010100101010100000000100101100001010
01011100001111001010110000001010100010110000101110011101100000011010111101001011111011000001010011001100011111000110011110100011
01111101110101101001100000111111111100010110110100010100000111000110001000111111100010101100000001010000001110001001000100110010
11101001100111001101011000011100111111010100000011111011000001001100110110111101010011100000101001010010001011110001111100010110
10010101111111010100111001100110011001010011000101011101011100101111010101011010111100110111011101011000101000100010001011100010
01100011010111010110111100000100110011111011110001010000111000011011001001110011101100111111111001000100101011001001010000011010
10111111010001001111110100010010001100101110101010001101010110100100000010101001101100110011111110011010110101000001001100101001
10110000000111000110001110100100010111000111010010000110010010011101101110011010011011000000110000011011000111010011010101000001
11100011110111011010010000110111000110100010011000010011100011110011010000010010011110110111001001001011110111000011011111111110
01010011101011011011000000001001011101010000100010001111100011010011000101110011011010010001001000001011100001000110000110010110
00111010101100100110100001111111001010110100000101000100101111011010110010101010000100101001010111100110100110110001001101000111
11111011001110111001000001101110010101000010111010011001010010100100001000011101001001111010111101011110111011110010011101100010
10011100101001001110000100100111011111111000000100111010100111101010101001011101100000011010110110001000001001010100110010110001
01110110100011000101000010111110011001001010011100110010011111100000100111101100011100111111010010101010101010001001010111100011
10101101110111110111110111100011100001110100000111011001110010101011011011100000101101100011110101111101100011101011110000000000
11010000001010011101001000101110010010000111101000100110010101001101110000011010111101100100110111011000001110011101101011011001
01111111010001001111010110011000000000111101001100010110011101001111010001110010101111100110000010110111000100011110001100110011
10000011010110001001110010001001001010100111011111000000001111011010001011011011111000111001110100001100011101010000110110101111
11111111011011100100010100010110011000101110100111100001000010101011111110000100111110001011001001000010100100101111010110101001
11100000111000001001100101101010000000101011000110011001011110101100111010010010100011110000100000100101000011000100000010100111
00010011010111010001110110100011101000101001000000011001001000000100001110101111000111111111110110001100011011100000000100111011
01010100011010110010010101000000100001111110001000101101110011010001010101110010101001010111111101010110100011001100000001100101
00101011111000001101011001001111111010001010110001100011101000110100101101111010101110101010011001100101010100111111001100010110
11100010110010101011011000010100001000000101100100001000111001100001101011101100010000101100001111101101000001001000010100110110
11101111111101001100001110101100010100101000110111110100001001011011101101000011010000100111011010001111000110101110111111000111
01011011010111100110101111000111010001101011011110110000110101000101110100001011010000100101001111100101110111011110001000011001
01100100111000001111000011000110110011000111111110011001101010111101000111100110001101011011110100100010110110110101000010101001
00010000110110001001110101010011111110110011101111011010011100000111111011000101010000010101010110000010111111001001001010110110
11101010101110110100111010001001011101111010111101001101010110111010100011001101000010011111011011011111100011000000100111010101
01100111011010101110110010010010001000001000011001011100011110000011111011100110001101010111100100010111010010011100001010110010
01110001010000110011111100101111110111000010010111111001100001001000010111010101000111110010001111100101000110010011001000100111
00100110001011010010011000000000100100111000011001100111111101000010011011101001100010110011101110000001010000101001111101101000
01001010000111001100110001111100101011111110001101110110010101011000100000011110110000000101110100000100111111001100100011110011
00001010111100100101100000000011100100011011101011101001100101011001011000011110011101010111100010111011101001110111111110111101
11101101000001100101011000010111110100110110011010010110001111010111110111100110100001010011101101101101011110001100011111111010
01010011101111110101101111101100101000101110000010010100011111101001111111100110010110110010111101010000111000000000000101110011
